# -------------------------- o --------------------------
# File ID: spliced_blc0x1x2x_guppi_59524_17215_OFF_HD13908_0033.rawspec.0000.h5 
# -------------------------- o --------------------------
# Source:OFF_HD13908
# MJD: 59524.199247685188	RA: 2h18m14.496s	DEC: 65d35m36.96s
# DELTAT:  18.253611	DELTAF(Hz):  -2.793968	max_drift_rate:   0.187406	obs_length: 292.057776
# --------------------------
# Top_Hit_# 	Drift_Rate 	SNR 	Uncorrected_Frequency 	Corrected_Frequency 	Index 	freq_start 	freq_end 	SEFD 	SEFD_freq 	Coarse_Channel_Number 	Full_number_of_hits 	
# --------------------------
001	  0.133931	 24.821335	   3150.893955	   3150.893955	204329	   3150.894033	   3150.893882	0.0	      0.000000	0	207768	
002	 -0.143497	289.601074	   3150.488173	   3150.488173	349564	   3150.488251	   3150.488101	0.0	      0.000000	0	207768	
003	 -0.181763	 14.171087	   3150.479680	   3150.479680	352604	   3150.479758	   3150.479607	0.0	      0.000000	0	207768	
004	 -0.162630	 23.102310	   3150.188054	   3150.188054	456981	   3150.188132	   3150.187981	0.0	      0.000000	0	207768	
005	 -0.172197	 27.643251	   3150.132007	   3150.132007	477041	   3150.132085	   3150.131934	0.0	      0.000000	0	207768	
006	  0.162630	 37.528442	   3150.112072	   3150.112072	484176	   3150.112150	   3150.111999	0.0	      0.000000	0	207768	
007	  0.172197	 10.864833	   3150.004015	   3150.004015	522851	   3150.004093	   3150.003942	0.0	      0.000000	0	207768	
008	 -0.172197	 10.864835	   3149.995985	   3149.995985	525725	   3149.996063	   3149.995912	0.0	      0.000000	0	207768	
009	 -0.162630	 37.528446	   3149.887928	   3149.887928	564400	   3149.888007	   3149.887856	0.0	      0.000000	0	207768	
010	  0.172197	 27.643259	   3149.867993	   3149.867993	571535	   3149.868072	   3149.867921	0.0	      0.000000	0	207768	
011	  0.162630	 23.102308	   3149.811946	   3149.811946	591595	   3149.812025	   3149.811874	0.0	      0.000000	0	207768	
012	  0.181763	 14.171084	   3149.520320	   3149.520320	695972	   3149.520399	   3149.520248	0.0	      0.000000	0	207768	
013	  0.153064	289.601074	   3149.511827	   3149.511827	699012	   3149.511905	   3149.511754	0.0	      0.000000	0	207768	
014	 -0.133931	 24.821335	   3149.106045	   3149.106045	844247	   3149.106123	   3149.105972	0.0	      0.000000	0	207768	
015	 -0.181763	208.719284	   3135.351568	   3135.351568	524286	   3135.351646	   3135.351495	0.0	      0.000000	5	5794	
016	 -0.133931	136.073853	   3114.843761	   3114.843761	524284	   3114.843839	   3114.843689	0.0	      0.000000	12	585	
017	  0.181763	122.240242	   3111.914054	   3111.914054	524291	   3111.914132	   3111.913981	0.0	      0.000000	13	4536	
018	 -0.162630	102.352272	   3106.054693	   3106.054693	524286	   3106.054771	   3106.054620	0.0	      0.000000	15	551	
019	  0.172197	 78.225166	   3097.265614	   3097.265614	524292	   3097.265692	   3097.265541	0.0	      0.000000	18	1268	
020	  0.153064	 71.327293	   3091.406242	   3091.406242	524291	   3091.406320	   3091.406169	0.0	      0.000000	20	233	
021	 -0.181763	 65.192368	   3085.546886	   3085.546886	524284	   3085.546964	   3085.546814	0.0	      0.000000	22	201	
022	 -0.143497	 63.429241	   3082.617199	   3082.617199	524284	   3082.617277	   3082.617126	0.0	      0.000000	23	299	
023	 -0.133931	 60.951565	   3076.757818	   3076.757818	524286	   3076.757896	   3076.757745	0.0	      0.000000	25	211	
024	  0.181763	 60.788448	   3067.968739	   3067.968739	524292	   3067.968817	   3067.968666	0.0	      0.000000	28	200	
025	  0.181763	 58.304916	   3041.601551	   3041.601551	524292	   3041.601630	   3041.601479	0.0	      0.000000	37	200	
026	  0.181763	 58.691463	   3026.953114	   3026.953114	524292	   3026.953192	   3026.953041	0.0	      0.000000	42	200	
027	  0.181763	 62.638786	   3000.585932	   3000.585932	524290	   3000.586010	   3000.585859	0.0	      0.000000	51	200	
028	  0.162630	 62.146458	   2997.656244	   2997.656244	524290	   2997.656323	   2997.656172	0.0	      0.000000	52	200	
029	  0.181763	 61.544346	   2991.796869	   2991.796869	524290	   2991.796948	   2991.796797	0.0	      0.000000	54	200	
030	 -0.172197	 60.294239	   2980.078136	   2980.078136	524284	   2980.078214	   2980.078064	0.0	      0.000000	58	200	
031	 -0.172197	 17.413071	   2772.070349	   2772.070349	524275	   2772.070427	   2772.070276	0.0	      0.000000	129	123	
032	 -0.181763	 16.314465	   2763.281289	   2763.281289	524274	   2763.281367	   2763.281216	0.0	      0.000000	132	120	
033	  0.181763	 16.337898	   2763.281205	   2763.281205	524304	   2763.281284	   2763.281133	0.0	      0.000000	132	120	
034	  0.153064	 14.671116	   2754.492151	   2754.492151	524301	   2754.492229	   2754.492079	0.0	      0.000000	135	120	
035	  0.181763	 10.598387	   2742.773393	   2742.773393	524304	   2742.773471	   2742.773320	0.0	      0.000000	139	52	
036	  0.162630	 84.778008	   2465.986362	   2465.986362	1024097	   2465.986441	   2465.986290	0.0	      0.000000	233	5432	
037	  0.181763	 19.003880	   2463.056669	   2463.056669	1024099	   2463.056747	   2463.056597	0.0	      0.000000	234	722	
038	  0.181763	 16.064360	   2442.983707	   2442.983707	868460	   2442.983785	   2442.983634	0.0	      0.000000	241	535	
039	  0.153064	 15.123687	   2442.016022	   2442.016022	166232	   2442.016100	   2442.015949	0.0	      0.000000	242	48027	
040	  0.181763	 14.854021	   2440.996076	   2440.996076	531285	   2440.996154	   2440.996003	0.0	      0.000000	242	48027	
041	 -0.162630	 21.695538	   2440.986397	   2440.986397	534749	   2440.986476	   2440.986325	0.0	      0.000000	242	48027	
042	  0.172197	280.824402	   2440.982195	   2440.982195	536253	   2440.982273	   2440.982123	0.0	      0.000000	242	48027	
043	  0.181763	 32.994320	   2440.976518	   2440.976518	538285	   2440.976596	   2440.976445	0.0	      0.000000	242	48027	
044	 -0.172197	206.961136	   2440.970162	   2440.970162	540560	   2440.970240	   2440.970089	0.0	      0.000000	242	48027	
045	 -0.172197	 13.313353	   2440.966158	   2440.966158	541993	   2440.966236	   2440.966085	0.0	      0.000000	242	48027	
046	  0.172197	 44.733120	   2418.931540	   2418.931540	39882	   2418.931618	   2418.931467	0.0	      0.000000	250	1856	
047	 -0.172197	 14.417328	   2418.918355	   2418.918355	44601	   2418.918433	   2418.918282	0.0	      0.000000	250	1856	
048	  0.153064	 19.456982	   2418.910985	   2418.910985	47239	   2418.911063	   2418.910912	0.0	      0.000000	250	1856	
049	  0.172197	332.683258	   2416.001852	   2416.001852	39882	   2416.001930	   2416.001780	0.0	      0.000000	251	17627	
050	 -0.172197	157.674957	   2415.988667	   2415.988667	44601	   2415.988746	   2415.988595	0.0	      0.000000	251	17627	
051	  0.181763	106.349693	   2415.983879	   2415.983879	46315	   2415.983957	   2415.983806	0.0	      0.000000	251	17627	
052	  0.153064	232.310043	   2415.981297	   2415.981297	47239	   2415.981375	   2415.981224	0.0	      0.000000	251	17627	
053	  0.181763	104.978333	   2415.979397	   2415.979397	47919	   2415.979475	   2415.979324	0.0	      0.000000	251	17627	
054	  0.133931	 12.033371	   2275.423690	   2275.423690	23118	   2275.423769	   2275.423618	0.0	      0.000000	299	28339	
055	  0.153064	 16.701990	   2275.423204	   2275.423204	23292	   2275.423282	   2275.423132	0.0	      0.000000	299	28339	
056	  0.162630	 14.366943	   2275.422975	   2275.422975	23374	   2275.423053	   2275.422902	0.0	      0.000000	299	28339	
057	 -0.162630	 13.093167	   2275.412746	   2275.412746	27035	   2275.412825	   2275.412674	0.0	      0.000000	299	28339	
058	 -0.181763	 19.055660	   2275.411442	   2275.411442	27502	   2275.411520	   2275.411369	0.0	      0.000000	299	28339	
059	 -0.133931	 18.340786	   2275.411165	   2275.411165	27601	   2275.411243	   2275.411092	0.0	      0.000000	299	28339	
060	  0.172197	 21.155699	   2275.410416	   2275.410416	27869	   2275.410494	   2275.410344	0.0	      0.000000	299	28339	
061	  0.133931	 26.226009	   2275.409994	   2275.409994	28020	   2275.410073	   2275.409922	0.0	      0.000000	299	28339	
062	  0.181763	 20.864178	   2275.409885	   2275.409885	28059	   2275.409964	   2275.409813	0.0	      0.000000	299	28339	
063	  0.181763	 20.971037	   2275.409382	   2275.409382	28239	   2275.409461	   2275.409310	0.0	      0.000000	299	28339	
064	  0.172197	 10.559930	   2275.408446	   2275.408446	28574	   2275.408525	   2275.408374	0.0	      0.000000	299	28339	
065	  0.181763	 10.040386	   2274.188287	   2274.188287	465286	   2274.188365	   2274.188215	0.0	      0.000000	299	28339	
066	  0.172197	 10.101364	   2274.187128	   2274.187128	465701	   2274.187206	   2274.187055	0.0	      0.000000	299	28339	
067	  0.133931	 10.067328	   2274.186521	   2274.186521	465918	   2274.186600	   2274.186449	0.0	      0.000000	299	28339	
068	  0.133931	 10.163417	   2274.185666	   2274.185666	466224	   2274.185745	   2274.185594	0.0	      0.000000	299	28339	
069	  0.153064	 10.069636	   2274.181601	   2274.181601	467679	   2274.181679	   2274.181529	0.0	      0.000000	299	28339	
070	  0.181763	 37.356190	   2272.495777	   2272.495777	22483	   2272.495855	   2272.495704	0.0	      0.000000	300	205998	
071	 -0.133931	 22.848866	   2272.495148	   2272.495148	22708	   2272.495227	   2272.495076	0.0	      0.000000	300	205998	
072	  0.133931	 22.091978	   2272.494615	   2272.494615	22899	   2272.494693	   2272.494542	0.0	      0.000000	300	205998	
073	 -0.181763	 47.438457	   2272.493852	   2272.493852	23172	   2272.493930	   2272.493779	0.0	      0.000000	300	205998	
074	 -0.181763	 17.094095	   2272.491832	   2272.491832	23895	   2272.491910	   2272.491759	0.0	      0.000000	300	205998	
075	 -0.181763	 20.357002	   2272.490172	   2272.490172	24489	   2272.490251	   2272.490100	0.0	      0.000000	300	205998	
076	 -0.162630	 27.905134	   2272.489949	   2272.489949	24569	   2272.490027	   2272.489876	0.0	      0.000000	300	205998	
077	  0.181763	 33.275841	   2272.489692	   2272.489692	24661	   2272.489770	   2272.489619	0.0	      0.000000	300	205998	
078	 -0.172197	 16.319338	   2272.489220	   2272.489220	24830	   2272.489298	   2272.489147	0.0	      0.000000	300	205998	
079	 -0.143497	 15.050213	   2272.488996	   2272.488996	24910	   2272.489074	   2272.488923	0.0	      0.000000	300	205998	
080	  0.162630	 16.567795	   2272.488675	   2272.488675	25025	   2272.488753	   2272.488602	0.0	      0.000000	300	205998	
081	  0.162630	 25.929594	   2272.488409	   2272.488409	25120	   2272.488488	   2272.488337	0.0	      0.000000	300	205998	
082	 -0.133931	 19.700411	   2272.486873	   2272.486873	25670	   2272.486951	   2272.486800	0.0	      0.000000	300	205998	
083	 -0.181763	 23.880203	   2272.485671	   2272.485671	26100	   2272.485749	   2272.485599	0.0	      0.000000	300	205998	
084	 -0.172197	 26.678652	   2272.484649	   2272.484649	26466	   2272.484727	   2272.484576	0.0	      0.000000	300	205998	
085	  0.172197	 28.833567	   2272.484389	   2272.484389	26559	   2272.484467	   2272.484316	0.0	      0.000000	300	205998	
086	  0.172197	 45.838440	   2272.483690	   2272.483690	26809	   2272.483769	   2272.483618	0.0	      0.000000	300	205998	
087	  0.162630	 37.841068	   2272.483472	   2272.483472	26887	   2272.483551	   2272.483400	0.0	      0.000000	300	205998	
088	 -0.162630	 55.276508	   2272.483059	   2272.483059	27035	   2272.483137	   2272.482986	0.0	      0.000000	300	205998	
089	  0.172197	 63.564133	   2272.482813	   2272.482813	27123	   2272.482891	   2272.482740	0.0	      0.000000	300	205998	
090	  0.172197	 57.893616	   2272.482575	   2272.482575	27208	   2272.482654	   2272.482503	0.0	      0.000000	300	205998	
091	  0.162630	100.691666	   2272.480301	   2272.480301	28022	   2272.480379	   2272.480229	0.0	      0.000000	300	205998	
092	  0.181763	 50.720615	   2272.478756	   2272.478756	28575	   2272.478834	   2272.478683	0.0	      0.000000	300	205998	
093	 -0.172197	 49.638210	   2272.478602	   2272.478602	28630	   2272.478681	   2272.478530	0.0	      0.000000	300	205998	
094	  0.181763	 19.026817	   2272.477957	   2272.477957	28861	   2272.478035	   2272.477884	0.0	      0.000000	300	205998	
095	 -0.162630	 16.092670	   2272.474082	   2272.474082	30248	   2272.474160	   2272.474009	0.0	      0.000000	300	205998	
096	  0.162630	 16.940943	   2272.473774	   2272.473774	30358	   2272.473853	   2272.473702	0.0	      0.000000	300	205998	
097	  0.153064	 33.560593	   2247.469074	   2247.469074	591281	   2247.469152	   2247.469001	0.0	      0.000000	308	35567	
098	 -0.133931	 22.238150	   2247.466037	   2247.466037	592368	   2247.466115	   2247.465964	0.0	      0.000000	308	35567	
099	 -0.133931	 16.383825	   2247.465050	   2247.465050	592721	   2247.465129	   2247.464978	0.0	      0.000000	308	35567	
100	  0.181763	 11.957065	   2247.454397	   2247.454397	596534	   2247.454475	   2247.454324	0.0	      0.000000	308	35567	
101	  0.162630	227.971954	   2242.511997	   2242.511997	268336	   2242.512075	   2242.511924	0.0	      0.000000	310	11333	
102	  0.181763	 40.142971	   2242.485501	   2242.485501	277819	   2242.485580	   2242.485429	0.0	      0.000000	310	11333	
103	  0.181763	 47.041355	   2242.485384	   2242.485384	277861	   2242.485462	   2242.485311	0.0	      0.000000	310	11333	
104	  0.181763	 64.355164	   2242.485272	   2242.485272	277901	   2242.485351	   2242.485200	0.0	      0.000000	310	11333	
105	 -0.172197	 35.292400	   2228.518284	   2228.518284	34001	   2228.518362	   2228.518211	0.0	      0.000000	315	364999	
106	 -0.181763	 11.422711	   2226.575889	   2226.575889	729211	   2226.575967	   2226.575817	0.0	      0.000000	315	364999	
107	 -0.181763	 71.376534	   2226.556234	   2226.556234	736246	   2226.556312	   2226.556161	0.0	      0.000000	315	364999	
108	 -0.181763	 13.872442	   2226.487016	   2226.487016	761020	   2226.487094	   2226.486943	0.0	      0.000000	315	364999	
109	 -0.181763	 22.364491	   2226.472004	   2226.472004	766393	   2226.472082	   2226.471931	0.0	      0.000000	315	364999	
110	 -0.172197	 20.789936	   2226.424716	   2226.424716	783318	   2226.424794	   2226.424643	0.0	      0.000000	315	364999	
111	 -0.181763	 13.991774	   2226.424205	   2226.424205	783501	   2226.424283	   2226.424132	0.0	      0.000000	315	364999	
112	 -0.143497	 67.498894	   2226.423272	   2226.423272	783835	   2226.423350	   2226.423199	0.0	      0.000000	315	364999	
113	 -0.133931	143.865356	   2226.422908	   2226.422908	783965	   2226.422987	   2226.422836	0.0	      0.000000	315	364999	
114	 -0.172197	 19.964975	   2226.421115	   2226.421115	784607	   2226.421193	   2226.421042	0.0	      0.000000	315	364999	
115	 -0.162630	 17.434616	   2226.414686	   2226.414686	786908	   2226.414764	   2226.414613	0.0	      0.000000	315	364999	
116	  0.133931	 25.734009	   2226.414353	   2226.414353	787027	   2226.414431	   2226.414281	0.0	      0.000000	315	364999	
117	  0.181763	 27.895128	   2226.414043	   2226.414043	787138	   2226.414121	   2226.413970	0.0	      0.000000	315	364999	
118	 -0.172197	 44.037636	   2226.413590	   2226.413590	787300	   2226.413669	   2226.413518	0.0	      0.000000	315	364999	
119	 -0.162630	 40.956425	   2226.413428	   2226.413428	787358	   2226.413507	   2226.413356	0.0	      0.000000	315	364999	
120	 -0.181763	 62.353409	   2226.412889	   2226.412889	787551	   2226.412967	   2226.412817	0.0	      0.000000	315	364999	
121	 -0.162630	 68.484245	   2226.412219	   2226.412219	787791	   2226.412297	   2226.412146	0.0	      0.000000	315	364999	
122	 -0.162630	103.902000	   2226.411953	   2226.411953	787886	   2226.412031	   2226.411881	0.0	      0.000000	315	364999	
123	 -0.162630	114.905983	   2226.411487	   2226.411487	788053	   2226.411565	   2226.411414	0.0	      0.000000	315	364999	
124	 -0.181763	 40.429089	   2226.410632	   2226.410632	788359	   2226.410710	   2226.410559	0.0	      0.000000	315	364999	
125	 -0.133931	 45.532162	   2226.410486	   2226.410486	788411	   2226.410565	   2226.410414	0.0	      0.000000	315	364999	
126	 -0.162630	 48.279289	   2226.410285	   2226.410285	788483	   2226.410363	   2226.410213	0.0	      0.000000	315	364999	
127	 -0.162630	 44.287193	   2226.410020	   2226.410020	788578	   2226.410098	   2226.409947	0.0	      0.000000	315	364999	
128	 -0.172197	 21.233274	   2226.402697	   2226.402697	791199	   2226.402775	   2226.402624	0.0	      0.000000	315	364999	
129	 -0.181763	 28.344753	   2226.402009	   2226.402009	791445	   2226.402088	   2226.401937	0.0	      0.000000	315	364999	
130	 -0.181763	 21.984268	   2226.401160	   2226.401160	791749	   2226.401238	   2226.401087	0.0	      0.000000	315	364999	
131	 -0.181763	 22.786446	   2226.400515	   2226.400515	791980	   2226.400593	   2226.400442	0.0	      0.000000	315	364999	
132	 -0.181763	 50.608990	   2226.400291	   2226.400291	792060	   2226.400369	   2226.400219	0.0	      0.000000	315	364999	
133	 -0.162630	 21.660683	   2226.399026	   2226.399026	792513	   2226.399104	   2226.398953	0.0	      0.000000	315	364999	
134	 -0.162630	 19.538389	   2226.398880	   2226.398880	792565	   2226.398958	   2226.398808	0.0	      0.000000	315	364999	
135	 -0.133931	 26.714504	   2226.398757	   2226.398757	792609	   2226.398836	   2226.398685	0.0	      0.000000	315	364999	
136	 -0.181763	 14.988088	   2226.398623	   2226.398623	792657	   2226.398701	   2226.398551	0.0	      0.000000	315	364999	
137	 -0.181763	 31.213202	   2226.398430	   2226.398430	792726	   2226.398509	   2226.398358	0.0	      0.000000	315	364999	
138	 -0.181763	 12.583734	   2226.398115	   2226.398115	792839	   2226.398193	   2226.398042	0.0	      0.000000	315	364999	
139	 -0.181763	 25.560284	   2226.397897	   2226.397897	792917	   2226.397975	   2226.397824	0.0	      0.000000	315	364999	
140	  0.153064	 43.817314	   2226.387864	   2226.387864	796508	   2226.387942	   2226.387791	0.0	      0.000000	315	364999	
141	 -0.172197	530.552246	   2226.386738	   2226.386738	796911	   2226.386816	   2226.386665	0.0	      0.000000	315	364999	
142	 -0.172197	731.756836	   2226.386581	   2226.386581	796967	   2226.386659	   2226.386509	0.0	      0.000000	315	364999	
143	 -0.181763	716.734741	   2226.386271	   2226.386271	797078	   2226.386349	   2226.386198	0.0	      0.000000	315	364999	
144	 -0.172197	583.300232	   2226.386112	   2226.386112	797135	   2226.386190	   2226.386039	0.0	      0.000000	315	364999	
145	 -0.143497	 46.783566	   2226.384461	   2226.384461	797726	   2226.384539	   2226.384388	0.0	      0.000000	315	364999	
146	  0.181763	 12.508295	   2226.383991	   2226.383991	797894	   2226.384069	   2226.383919	0.0	      0.000000	315	364999	
147	 -0.181763	 10.973985	   2226.382960	   2226.382960	798263	   2226.383038	   2226.382888	0.0	      0.000000	315	364999	
148	 -0.172197	 11.520029	   2226.377506	   2226.377506	800215	   2226.377585	   2226.377434	0.0	      0.000000	315	364999	
149	 -0.181763	 13.983236	   2226.377322	   2226.377322	800281	   2226.377400	   2226.377249	0.0	      0.000000	315	364999	
150	 -0.172197	 14.016283	   2226.377048	   2226.377048	800379	   2226.377126	   2226.376976	0.0	      0.000000	315	364999	
151	 -0.162630	 15.260733	   2226.376847	   2226.376847	800451	   2226.376925	   2226.376774	0.0	      0.000000	315	364999	
152	 -0.162630	 23.400957	   2226.376137	   2226.376137	800705	   2226.376216	   2226.376065	0.0	      0.000000	315	364999	
153	  0.133931	 31.698011	   2226.375774	   2226.375774	800835	   2226.375852	   2226.375701	0.0	      0.000000	315	364999	
154	 -0.133931	 32.575954	   2226.375419	   2226.375419	800962	   2226.375498	   2226.375347	0.0	      0.000000	315	364999	
155	 -0.162630	 35.838081	   2226.374249	   2226.374249	801381	   2226.374327	   2226.374176	0.0	      0.000000	315	364999	
156	 -0.181763	103.527283	   2226.373855	   2226.373855	801522	   2226.373933	   2226.373782	0.0	      0.000000	315	364999	
157	 -0.162630	 78.492653	   2226.373760	   2226.373760	801556	   2226.373838	   2226.373687	0.0	      0.000000	315	364999	
158	 -0.181763	 77.948082	   2226.373592	   2226.373592	801616	   2226.373670	   2226.373519	0.0	      0.000000	315	364999	
159	 -0.181763	 60.260883	   2226.373461	   2226.373461	801663	   2226.373539	   2226.373388	0.0	      0.000000	315	364999	
160	 -0.162630	 20.620350	   2226.372826	   2226.372826	801890	   2226.372905	   2226.372754	0.0	      0.000000	315	364999	
161	 -0.181763	 30.133844	   2226.364257	   2226.364257	804957	   2226.364336	   2226.364185	0.0	      0.000000	315	364999	
162	 -0.143497	 36.164879	   2226.363928	   2226.363928	805075	   2226.364006	   2226.363855	0.0	      0.000000	315	364999	
163	 -0.181763	 68.906448	   2226.363618	   2226.363618	805186	   2226.363696	   2226.363545	0.0	      0.000000	315	364999	
164	 -0.172197	 54.341908	   2226.363288	   2226.363288	805304	   2226.363366	   2226.363215	0.0	      0.000000	315	364999	
165	 -0.162630	 65.624649	   2226.362911	   2226.362911	805439	   2226.362989	   2226.362838	0.0	      0.000000	315	364999	
166	 -0.181763	 89.604904	   2226.362425	   2226.362425	805613	   2226.362503	   2226.362352	0.0	      0.000000	315	364999	
167	 -0.172197	164.492218	   2226.362198	   2226.362198	805694	   2226.362276	   2226.362126	0.0	      0.000000	315	364999	
168	 -0.181763	116.009476	   2226.362070	   2226.362070	805740	   2226.362148	   2226.361997	0.0	      0.000000	315	364999	
169	 -0.181763	113.677078	   2226.361930	   2226.361930	805790	   2226.362008	   2226.361857	0.0	      0.000000	315	364999	
170	 -0.181763	 99.454552	   2226.361754	   2226.361754	805853	   2226.361832	   2226.361681	0.0	      0.000000	315	364999	
171	 -0.172197	 86.483612	   2226.361623	   2226.361623	805900	   2226.361701	   2226.361550	0.0	      0.000000	315	364999	
172	 -0.133931	 50.263508	   2226.360776	   2226.360776	806203	   2226.360854	   2226.360703	0.0	      0.000000	315	364999	
173	 -0.172197	 56.520172	   2226.360600	   2226.360600	806266	   2226.360678	   2226.360527	0.0	      0.000000	315	364999	
174	 -0.133931	 16.439445	   2226.359287	   2226.359287	806736	   2226.359365	   2226.359214	0.0	      0.000000	315	364999	
175	 -0.181763	 17.086624	   2226.352657	   2226.352657	809109	   2226.352735	   2226.352584	0.0	      0.000000	315	364999	
176	 -0.181763	 21.880198	   2226.352257	   2226.352257	809252	   2226.352336	   2226.352185	0.0	      0.000000	315	364999	
177	 -0.172197	 14.085676	   2226.352123	   2226.352123	809300	   2226.352201	   2226.352051	0.0	      0.000000	315	364999	
178	 -0.172197	 20.944006	   2226.352023	   2226.352023	809336	   2226.352101	   2226.351950	0.0	      0.000000	315	364999	
179	 -0.181763	 47.165066	   2226.351824	   2226.351824	809407	   2226.351902	   2226.351752	0.0	      0.000000	315	364999	
180	 -0.181763	 65.590538	   2226.351657	   2226.351657	809467	   2226.351735	   2226.351584	0.0	      0.000000	315	364999	
181	 -0.162630	 28.929827	   2226.351416	   2226.351416	809553	   2226.351495	   2226.351344	0.0	      0.000000	315	364999	
182	 -0.181763	 30.523397	   2226.351123	   2226.351123	809658	   2226.351201	   2226.351050	0.0	      0.000000	315	364999	
183	 -0.181763	 66.042152	   2226.350891	   2226.350891	809741	   2226.350969	   2226.350818	0.0	      0.000000	315	364999	
184	 -0.181763	 58.188732	   2226.350723	   2226.350723	809801	   2226.350802	   2226.350651	0.0	      0.000000	315	364999	
185	 -0.162630	 34.039726	   2226.350550	   2226.350550	809863	   2226.350628	   2226.350478	0.0	      0.000000	315	364999	
186	 -0.181763	 63.929939	   2226.350357	   2226.350357	809932	   2226.350436	   2226.350285	0.0	      0.000000	315	364999	
187	 -0.172197	 42.471661	   2226.350156	   2226.350156	810004	   2226.350234	   2226.350084	0.0	      0.000000	315	364999	
188	 -0.181763	 77.120522	   2226.349656	   2226.349656	810183	   2226.349734	   2226.349583	0.0	      0.000000	315	364999	
189	 -0.162630	 74.097900	   2226.349083	   2226.349083	810388	   2226.349162	   2226.349011	0.0	      0.000000	315	364999	
190	 -0.181763	103.291695	   2226.348924	   2226.348924	810445	   2226.349002	   2226.348851	0.0	      0.000000	315	364999	
191	 -0.181763	 75.272049	   2226.348823	   2226.348823	810481	   2226.348902	   2226.348751	0.0	      0.000000	315	364999	
192	 -0.181763	 35.060028	   2226.348525	   2226.348525	810588	   2226.348603	   2226.348452	0.0	      0.000000	315	364999	
193	 -0.181763	 34.513699	   2226.348357	   2226.348357	810648	   2226.348435	   2226.348284	0.0	      0.000000	315	364999	
194	 -0.172197	 36.225033	   2226.348223	   2226.348223	810696	   2226.348301	   2226.348150	0.0	      0.000000	315	364999	
195	 -0.181763	 25.442522	   2226.348086	   2226.348086	810745	   2226.348164	   2226.348013	0.0	      0.000000	315	364999	
196	 -0.181763	 32.357555	   2226.347957	   2226.347957	810791	   2226.348036	   2226.347885	0.0	      0.000000	315	364999	
197	 -0.181763	 49.114456	   2226.347857	   2226.347857	810827	   2226.347935	   2226.347784	0.0	      0.000000	315	364999	
198	 -0.162630	 21.980927	   2226.347650	   2226.347650	810901	   2226.347728	   2226.347577	0.0	      0.000000	315	364999	
199	 -0.181763	 22.547211	   2226.347457	   2226.347457	810970	   2226.347535	   2226.347385	0.0	      0.000000	315	364999	
200	 -0.162630	 37.300102	   2226.336781	   2226.336781	814791	   2226.336860	   2226.336709	0.0	      0.000000	315	364999	
201	 -0.133931	 10.460517	   2182.935061	   2182.935061	620232	   2182.935139	   2182.934988	0.0	      0.000000	330	114974	
202	  0.133931	 11.677292	   2182.917098	   2182.917098	626661	   2182.917176	   2182.917025	0.0	      0.000000	330	114974	
203	  0.133931	 15.063969	   2182.895347	   2182.895347	634446	   2182.895425	   2182.895274	0.0	      0.000000	330	114974	
204	  0.133931	 13.060477	   2182.855958	   2182.855958	648544	   2182.856036	   2182.855885	0.0	      0.000000	330	114974	
205	  0.133931	 13.806234	   2182.837439	   2182.837439	655172	   2182.837518	   2182.837367	0.0	      0.000000	330	114974	
206	  0.133931	 11.925642	   2182.832737	   2182.832737	656855	   2182.832815	   2182.832664	0.0	      0.000000	330	114974	
207	  0.153064	 10.270907	   2182.798047	   2182.798047	669271	   2182.798125	   2182.797975	0.0	      0.000000	330	114974	
208	  0.133931	 13.555199	   2182.790702	   2182.790702	671900	   2182.790780	   2182.790629	0.0	      0.000000	330	114974	
209	  0.133931	 11.484705	   2182.777475	   2182.777475	676634	   2182.777553	   2182.777403	0.0	      0.000000	330	114974	
210	  0.133931	 10.749692	   2182.774536	   2182.774536	677686	   2182.774614	   2182.774463	0.0	      0.000000	330	114974	
211	  0.133931	 10.769514	   2182.719274	   2182.719274	697465	   2182.719352	   2182.719201	0.0	      0.000000	330	114974	
212	 -0.143497	 10.468643	   2182.431241	   2182.431241	800556	   2182.431319	   2182.431168	0.0	      0.000000	330	114974	
213	 -0.162630	 10.482977	   2182.421247	   2182.421247	804133	   2182.421325	   2182.421174	0.0	      0.000000	330	114974	
214	 -0.143497	 13.222028	   2182.381271	   2182.381271	818441	   2182.381349	   2182.381198	0.0	      0.000000	330	114974	
215	  0.172197	 10.672680	   2181.497184	   2181.497184	86292	   2181.497262	   2181.497112	0.0	      0.000000	331	73266	
216	  0.172197	 16.397095	   2181.493362	   2181.493362	87660	   2181.493440	   2181.493289	0.0	      0.000000	331	73266	
217	  0.172197	 12.827930	   2181.481605	   2181.481605	91868	   2181.481683	   2181.481532	0.0	      0.000000	331	73266	
218	  0.172197	 20.430038	   2181.481312	   2181.481312	91973	   2181.481390	   2181.481239	0.0	      0.000000	331	73266	
219	  0.172197	 10.757665	   2181.478959	   2181.478959	92815	   2181.479037	   2181.478886	0.0	      0.000000	331	73266	
220	  0.172197	 11.170370	   2181.477196	   2181.477196	93446	   2181.477274	   2181.477123	0.0	      0.000000	331	73266	
221	  0.172197	 13.644680	   2181.476020	   2181.476020	93867	   2181.476098	   2181.475947	0.0	      0.000000	331	73266	
222	  0.172197	 21.630747	   2181.474550	   2181.474550	94393	   2181.474628	   2181.474478	0.0	      0.000000	331	73266	
223	  0.172197	 10.916413	   2181.474257	   2181.474257	94498	   2181.474335	   2181.474184	0.0	      0.000000	331	73266	
224	  0.172197	 17.251999	   2181.471318	   2181.471318	95550	   2181.471396	   2181.471245	0.0	      0.000000	331	73266	
225	  0.172197	 25.875956	   2181.468672	   2181.468672	96497	   2181.468750	   2181.468599	0.0	      0.000000	331	73266	
226	  0.172197	 19.780552	   2181.468378	   2181.468378	96602	   2181.468457	   2181.468306	0.0	      0.000000	331	73266	
227	  0.172197	 14.795373	   2181.466316	   2181.466316	97340	   2181.466395	   2181.466244	0.0	      0.000000	331	73266	
228	  0.172197	 15.044250	   2181.465732	   2181.465732	97549	   2181.465811	   2181.465660	0.0	      0.000000	331	73266	
229	  0.172197	 13.411374	   2181.464850	   2181.464850	97865	   2181.464928	   2181.464777	0.0	      0.000000	331	73266	
230	  0.172197	 35.247616	   2181.462204	   2181.462204	98812	   2181.462282	   2181.462131	0.0	      0.000000	331	73266	
231	  0.172197	 12.847836	   2181.460734	   2181.460734	99338	   2181.460812	   2181.460661	0.0	      0.000000	331	73266	
232	  0.172197	 14.458131	   2181.458088	   2181.458088	100285	   2181.458166	   2181.458016	0.0	      0.000000	331	73266	
233	  0.172197	 32.721149	   2181.457501	   2181.457501	100495	   2181.457580	   2181.457429	0.0	      0.000000	331	73266	
234	  0.172197	 17.265121	   2181.454269	   2181.454269	101652	   2181.454347	   2181.454196	0.0	      0.000000	331	73266	
235	  0.172197	 15.239211	   2181.453386	   2181.453386	101968	   2181.453464	   2181.453313	0.0	      0.000000	331	73266	
236	  0.172197	 17.351603	   2181.452207	   2181.452207	102390	   2181.452285	   2181.452134	0.0	      0.000000	331	73266	
237	  0.172197	 16.870867	   2181.451330	   2181.451330	102704	   2181.451408	   2181.451257	0.0	      0.000000	331	73266	
238	  0.172197	 10.501925	   2181.450740	   2181.450740	102915	   2181.450818	   2181.450667	0.0	      0.000000	331	73266	
239	  0.172197	 23.138300	   2181.449860	   2181.449860	103230	   2181.449938	   2181.449787	0.0	      0.000000	331	73266	
240	  0.172197	 11.643114	   2181.448977	   2181.448977	103546	   2181.449055	   2181.448904	0.0	      0.000000	331	73266	
241	  0.172197	 11.845376	   2181.446918	   2181.446918	104283	   2181.446996	   2181.446845	0.0	      0.000000	331	73266	
242	  0.172197	 11.389888	   2181.445744	   2181.445744	104703	   2181.445823	   2181.445672	0.0	      0.000000	331	73266	
243	  0.172197	 12.598436	   2181.443099	   2181.443099	105650	   2181.443177	   2181.443026	0.0	      0.000000	331	73266	
244	  0.172197	 16.955072	   2181.442216	   2181.442216	105966	   2181.442294	   2181.442143	0.0	      0.000000	331	73266	
245	  0.172197	 15.608691	   2181.439276	   2181.439276	107018	   2181.439355	   2181.439204	0.0	      0.000000	331	73266	
246	  0.172197	 17.225109	   2181.437804	   2181.437804	107545	   2181.437882	   2181.437731	0.0	      0.000000	331	73266	
247	  0.172197	 11.456051	   2181.436337	   2181.436337	108070	   2181.436415	   2181.436265	0.0	      0.000000	331	73266	
248	  0.172197	 10.065919	   2181.434868	   2181.434868	108596	   2181.434946	   2181.434795	0.0	      0.000000	331	73266	
249	  0.172197	 17.697281	   2181.434281	   2181.434281	108806	   2181.434359	   2181.434208	0.0	      0.000000	331	73266	
250	  0.172197	 11.735830	   2181.433691	   2181.433691	109017	   2181.433770	   2181.433619	0.0	      0.000000	331	73266	
251	  0.172197	 12.564856	   2181.431928	   2181.431928	109648	   2181.432007	   2181.431856	0.0	      0.000000	331	73266	
252	  0.172197	 13.955078	   2181.431635	   2181.431635	109753	   2181.431713	   2181.431562	0.0	      0.000000	331	73266	
253	  0.172197	 40.211559	   2181.431342	   2181.431342	109858	   2181.431420	   2181.431269	0.0	      0.000000	331	73266	
254	  0.172197	 14.726937	   2181.430165	   2181.430165	110279	   2181.430244	   2181.430093	0.0	      0.000000	331	73266	
255	  0.172197	 10.579143	   2181.427519	   2181.427519	111226	   2181.427598	   2181.427447	0.0	      0.000000	331	73266	
256	  0.172197	 10.308744	   2181.427226	   2181.427226	111331	   2181.427304	   2181.427153	0.0	      0.000000	331	73266	
257	  0.172197	 14.571447	   2181.425756	   2181.425756	111857	   2181.425835	   2181.425684	0.0	      0.000000	331	73266	
258	  0.172197	 26.214912	   2181.424580	   2181.424580	112278	   2181.424658	   2181.424507	0.0	      0.000000	331	73266	
259	  0.172197	 32.978195	   2181.421934	   2181.421934	113225	   2181.422012	   2181.421862	0.0	      0.000000	331	73266	
260	  0.172197	 16.319962	   2181.421348	   2181.421348	113435	   2181.421426	   2181.421275	0.0	      0.000000	331	73266	
261	  0.172197	 26.770407	   2181.420465	   2181.420465	113751	   2181.420543	   2181.420392	0.0	      0.000000	331	73266	
262	  0.172197	 24.585140	   2181.420171	   2181.420171	113856	   2181.420249	   2181.420099	0.0	      0.000000	331	73266	
263	  0.172197	 16.667309	   2181.419878	   2181.419878	113961	   2181.419956	   2181.419805	0.0	      0.000000	331	73266	
264	  0.172197	 13.722174	   2181.418995	   2181.418995	114277	   2181.419073	   2181.418922	0.0	      0.000000	331	73266	
265	  0.172197	 54.265179	   2181.417525	   2181.417525	114803	   2181.417604	   2181.417453	0.0	      0.000000	331	73266	
266	  0.172197	 12.441958	   2181.417232	   2181.417232	114908	   2181.417310	   2181.417159	0.0	      0.000000	331	73266	
267	  0.172197	 24.277435	   2181.416056	   2181.416056	115329	   2181.416134	   2181.415983	0.0	      0.000000	331	73266	
268	  0.172197	 10.735384	   2181.414879	   2181.414879	115750	   2181.414958	   2181.414807	0.0	      0.000000	331	73266	
269	  0.172197	 32.068478	   2181.413116	   2181.413116	116381	   2181.413195	   2181.413044	0.0	      0.000000	331	73266	
270	  0.172197	 20.880075	   2181.411940	   2181.411940	116802	   2181.412018	   2181.411868	0.0	      0.000000	331	73266	
271	  0.172197	 15.111763	   2181.411353	   2181.411353	117012	   2181.411432	   2181.411281	0.0	      0.000000	331	73266	
272	  0.172197	 24.390387	   2181.410177	   2181.410177	117433	   2181.410255	   2181.410105	0.0	      0.000000	331	73266	
273	  0.172197	 30.305511	   2181.409884	   2181.409884	117538	   2181.409962	   2181.409811	0.0	      0.000000	331	73266	
274	  0.172197	 16.301678	   2181.408708	   2181.408708	117959	   2181.408786	   2181.408635	0.0	      0.000000	331	73266	
275	  0.172197	 13.180815	   2181.406355	   2181.406355	118801	   2181.406433	   2181.406282	0.0	      0.000000	331	73266	
276	  0.172197	 23.322609	   2181.406062	   2181.406062	118906	   2181.406140	   2181.405989	0.0	      0.000000	331	73266	
277	  0.172197	 12.266024	   2181.404885	   2181.404885	119327	   2181.404964	   2181.404813	0.0	      0.000000	331	73266	
278	  0.172197	 22.001339	   2181.403122	   2181.403122	119958	   2181.403201	   2181.403050	0.0	      0.000000	331	73266	
279	  0.172197	 44.732403	   2181.402829	   2181.402829	120063	   2181.402907	   2181.402756	0.0	      0.000000	331	73266	
280	  0.172197	 24.935886	   2181.402240	   2181.402240	120274	   2181.402318	   2181.402167	0.0	      0.000000	331	73266	
281	  0.172197	 12.585558	   2181.400770	   2181.400770	120800	   2181.400848	   2181.400697	0.0	      0.000000	331	73266	
282	  0.172197	 18.710793	   2181.400183	   2181.400183	121010	   2181.400261	   2181.400111	0.0	      0.000000	331	73266	
283	  0.172197	 12.884739	   2181.398714	   2181.398714	121536	   2181.398792	   2181.398641	0.0	      0.000000	331	73266	
284	  0.172197	 50.619953	   2181.396654	   2181.396654	122273	   2181.396733	   2181.396582	0.0	      0.000000	331	73266	
285	  0.172197	 15.605107	   2181.396361	   2181.396361	122378	   2181.396439	   2181.396288	0.0	      0.000000	331	73266	
286	  0.172197	 72.727585	   2181.395774	   2181.395774	122588	   2181.395853	   2181.395702	0.0	      0.000000	331	73266	
287	  0.172197	 12.756063	   2181.394891	   2181.394891	122904	   2181.394970	   2181.394819	0.0	      0.000000	331	73266	
288	  0.172197	 27.702215	   2181.393715	   2181.393715	123325	   2181.393793	   2181.393643	0.0	      0.000000	331	73266	
289	  0.172197	 13.770830	   2181.393422	   2181.393422	123430	   2181.393500	   2181.393349	0.0	      0.000000	331	73266	
290	  0.172197	 11.666570	   2181.392246	   2181.392246	123851	   2181.392324	   2181.392173	0.0	      0.000000	331	73266	
291	  0.172197	 21.094007	   2181.390189	   2181.390189	124587	   2181.390267	   2181.390117	0.0	      0.000000	331	73266	
292	  0.172197	 13.178873	   2181.388720	   2181.388720	125113	   2181.388798	   2181.388647	0.0	      0.000000	331	73266	
293	  0.172197	 20.342894	   2181.386074	   2181.386074	126060	   2181.386152	   2181.386001	0.0	      0.000000	331	73266	
294	  0.172197	 21.065210	   2181.383428	   2181.383428	127007	   2181.383506	   2181.383355	0.0	      0.000000	331	73266	
295	  0.172197	 10.012344	   2181.383134	   2181.383134	127112	   2181.383213	   2181.383062	0.0	      0.000000	331	73266	
296	  0.172197	 18.017578	   2181.381958	   2181.381958	127533	   2181.382036	   2181.381886	0.0	      0.000000	331	73266	
297	  0.172197	 11.086101	   2181.381665	   2181.381665	127638	   2181.381743	   2181.381592	0.0	      0.000000	331	73266	
298	  0.172197	 26.493536	   2181.380195	   2181.380195	128164	   2181.380273	   2181.380123	0.0	      0.000000	331	73266	
299	  0.172197	 24.691696	   2181.376373	   2181.376373	129532	   2181.376451	   2181.376300	0.0	      0.000000	331	73266	
300	  0.172197	 22.841980	   2181.376080	   2181.376080	129637	   2181.376158	   2181.376007	0.0	      0.000000	331	73266	
301	  0.172197	 15.116554	   2181.375197	   2181.375197	129953	   2181.375275	   2181.375124	0.0	      0.000000	331	73266	
302	  0.172197	 42.478546	   2181.374610	   2181.374610	130163	   2181.374688	   2181.374537	0.0	      0.000000	331	73266	
303	  0.172197	 12.433993	   2181.373140	   2181.373140	130689	   2181.373219	   2181.373068	0.0	      0.000000	331	73266	
304	  0.172197	 10.955770	   2181.372258	   2181.372258	131005	   2181.372336	   2181.372185	0.0	      0.000000	331	73266	
305	  0.172197	 12.270872	   2181.370788	   2181.370788	131531	   2181.370866	   2181.370715	0.0	      0.000000	331	73266	
306	  0.172197	 17.084799	   2181.370495	   2181.370495	131636	   2181.370573	   2181.370422	0.0	      0.000000	331	73266	
307	  0.172197	 16.804316	   2181.366379	   2181.366379	133109	   2181.366457	   2181.366306	0.0	      0.000000	331	73266	
308	  0.172197	 10.562772	   2181.364909	   2181.364909	133635	   2181.364988	   2181.364837	0.0	      0.000000	331	73266	
309	  0.172197	 14.699114	   2181.364616	   2181.364616	133740	   2181.364694	   2181.364543	0.0	      0.000000	331	73266	
310	  0.172197	 12.874745	   2181.363440	   2181.363440	134161	   2181.363518	   2181.363367	0.0	      0.000000	331	73266	
311	  0.172197	 10.964036	   2181.360204	   2181.360204	135319	   2181.360283	   2181.360132	0.0	      0.000000	331	73266	
312	  0.172197	 14.293728	   2181.359031	   2181.359031	135739	   2181.359109	   2181.358958	0.0	      0.000000	331	73266	
313	  0.133931	 15.067229	   2181.357564	   2181.357564	136264	   2181.357642	   2181.357491	0.0	      0.000000	331	73266	
314	  0.172197	 53.359707	   2181.356385	   2181.356385	136686	   2181.356463	   2181.356312	0.0	      0.000000	331	73266	
315	  0.172197	 19.826466	   2181.356092	   2181.356092	136791	   2181.356170	   2181.356019	0.0	      0.000000	331	73266	
316	  0.172197	 14.747793	   2181.353152	   2181.353152	137843	   2181.353231	   2181.353080	0.0	      0.000000	331	73266	
317	  0.172197	 13.985139	   2181.352269	   2181.352269	138159	   2181.352348	   2181.352197	0.0	      0.000000	331	73266	
318	  0.172197	 14.657282	   2181.350800	   2181.350800	138685	   2181.350878	   2181.350727	0.0	      0.000000	331	73266	
319	  0.133931	 17.377066	   2181.349333	   2181.349333	139210	   2181.349411	   2181.349260	0.0	      0.000000	331	73266	
320	  0.172197	 10.890480	   2181.346388	   2181.346388	140264	   2181.346466	   2181.346316	0.0	      0.000000	331	73266	
321	  0.172197	 11.136239	   2181.344919	   2181.344919	140790	   2181.344997	   2181.344846	0.0	      0.000000	331	73266	
322	  0.172197	 12.094210	   2181.343156	   2181.343156	141421	   2181.343234	   2181.343083	0.0	      0.000000	331	73266	
323	  0.172197	 24.903959	   2181.342273	   2181.342273	141737	   2181.342351	   2181.342200	0.0	      0.000000	331	73266	
324	  0.133931	 21.340343	   2181.340515	   2181.340515	142366	   2181.340593	   2181.340443	0.0	      0.000000	331	73266	
325	  0.172197	 53.705105	   2181.337867	   2181.337867	143314	   2181.337945	   2181.337794	0.0	      0.000000	331	73266	
326	  0.172197	 44.900543	   2181.336104	   2181.336104	143945	   2181.336182	   2181.336031	0.0	      0.000000	331	73266	
327	  0.172197	 27.502098	   2181.333458	   2181.333458	144892	   2181.333536	   2181.333385	0.0	      0.000000	331	73266	
328	  0.172197	 52.190620	   2181.333164	   2181.333164	144997	   2181.333243	   2181.333092	0.0	      0.000000	331	73266	
329	  0.172197	 10.043905	   2181.331695	   2181.331695	145523	   2181.331773	   2181.331622	0.0	      0.000000	331	73266	
330	  0.172197	 29.700104	   2181.330812	   2181.330812	145839	   2181.330890	   2181.330739	0.0	      0.000000	331	73266	
331	  0.172197	 17.945013	   2181.330518	   2181.330518	145944	   2181.330597	   2181.330446	0.0	      0.000000	331	73266	
332	  0.172197	 11.102099	   2181.330222	   2181.330222	146050	   2181.330300	   2181.330150	0.0	      0.000000	331	73266	
333	  0.172197	 14.382524	   2181.329339	   2181.329339	146366	   2181.329418	   2181.329267	0.0	      0.000000	331	73266	
334	  0.172197	 16.314709	   2181.328755	   2181.328755	146575	   2181.328834	   2181.328683	0.0	      0.000000	331	73266	
335	  0.172197	 17.332031	   2181.323170	   2181.323170	148574	   2181.323249	   2181.323098	0.0	      0.000000	331	73266	
336	  0.133931	 12.796150	   2181.321997	   2181.321997	148994	   2181.322075	   2181.321924	0.0	      0.000000	331	73266	
337	  0.172197	 15.512666	   2181.320815	   2181.320815	149417	   2181.320893	   2181.320742	0.0	      0.000000	331	73266	
338	  0.172197	 12.055965	   2181.320231	   2181.320231	149626	   2181.320309	   2181.320158	0.0	      0.000000	331	73266	
339	  0.133931	 17.284693	   2181.319351	   2181.319351	149941	   2181.319429	   2181.319278	0.0	      0.000000	331	73266	
340	  0.172197	 31.716822	   2181.314646	   2181.314646	151625	   2181.314724	   2181.314573	0.0	      0.000000	331	73266	
341	  0.172197	 29.659739	   2181.310530	   2181.310530	153098	   2181.310609	   2181.310458	0.0	      0.000000	331	73266	
342	  0.133931	 10.422190	   2181.307594	   2181.307594	154149	   2181.307672	   2181.307521	0.0	      0.000000	331	73266	
343	  0.172197	 13.304552	   2181.303766	   2181.303766	155519	   2181.303844	   2181.303694	0.0	      0.000000	331	73266	
344	  0.133931	 10.349735	   2181.303478	   2181.303478	155622	   2181.303557	   2181.303406	0.0	      0.000000	331	73266	
345	  0.172197	 12.320890	   2181.303182	   2181.303182	155728	   2181.303260	   2181.303110	0.0	      0.000000	331	73266	
346	  0.133931	 13.837745	   2181.300539	   2181.300539	156674	   2181.300617	   2181.300467	0.0	      0.000000	331	73266	
347	  0.172197	 11.664532	   2181.300243	   2181.300243	156780	   2181.300321	   2181.300170	0.0	      0.000000	331	73266	
348	  0.133931	 27.285048	   2181.297893	   2181.297893	157621	   2181.297971	   2181.297821	0.0	      0.000000	331	73266	
349	  0.172197	 23.096487	   2181.293188	   2181.293188	159305	   2181.293266	   2181.293116	0.0	      0.000000	331	73266	
350	  0.133931	 21.318840	   2181.292308	   2181.292308	159620	   2181.292386	   2181.292235	0.0	      0.000000	331	73266	
351	  0.133931	 25.007933	   2181.289369	   2181.289369	160672	   2181.289447	   2181.289296	0.0	      0.000000	331	73266	
352	  0.133931	 15.402757	   2181.287606	   2181.287606	161303	   2181.287684	   2181.287533	0.0	      0.000000	331	73266	
353	  0.133931	 10.443826	   2181.286136	   2181.286136	161829	   2181.286214	   2181.286064	0.0	      0.000000	331	73266	
354	  0.133931	 20.764521	   2181.283784	   2181.283784	162671	   2181.283862	   2181.283711	0.0	      0.000000	331	73266	
355	  0.133931	 10.347220	   2181.282314	   2181.282314	163197	   2181.282392	   2181.282241	0.0	      0.000000	331	73266	
356	  0.133931	 18.400875	   2181.282021	   2181.282021	163302	   2181.282099	   2181.281948	0.0	      0.000000	331	73266	
357	  0.133931	 19.646559	   2181.280551	   2181.280551	163828	   2181.280629	   2181.280478	0.0	      0.000000	331	73266	
358	  0.133931	 54.002380	   2181.277905	   2181.277905	164775	   2181.277983	   2181.277833	0.0	      0.000000	331	73266	
359	  0.133931	 14.326036	   2181.275259	   2181.275259	165722	   2181.275338	   2181.275187	0.0	      0.000000	331	73266	
360	  0.133931	 47.611534	   2181.274966	   2181.274966	165827	   2181.275044	   2181.274893	0.0	      0.000000	331	73266	
361	  0.133931	 11.759506	   2181.273496	   2181.273496	166353	   2181.273575	   2181.273424	0.0	      0.000000	331	73266	
362	  0.133931	 14.394116	   2181.272027	   2181.272027	166879	   2181.272105	   2181.271954	0.0	      0.000000	331	73266	
363	  0.172197	 18.263218	   2181.271731	   2181.271731	166985	   2181.271809	   2181.271658	0.0	      0.000000	331	73266	
364	  0.133931	 16.676260	   2181.269381	   2181.269381	167826	   2181.269459	   2181.269308	0.0	      0.000000	331	73266	
365	  0.133931	 10.028333	   2181.269087	   2181.269087	167931	   2181.269166	   2181.269015	0.0	      0.000000	331	73266	
366	  0.133931	 21.355377	   2181.267911	   2181.267911	168352	   2181.267989	   2181.267839	0.0	      0.000000	331	73266	
367	  0.133931	 12.056088	   2181.264679	   2181.264679	169509	   2181.264757	   2181.264606	0.0	      0.000000	331	73266	
368	  0.133931	 22.977287	   2181.260563	   2181.260563	170982	   2181.260641	   2181.260490	0.0	      0.000000	331	73266	
369	  0.133931	 31.645948	   2181.257917	   2181.257917	171929	   2181.257995	   2181.257845	0.0	      0.000000	331	73266	
370	  0.172197	 11.476886	   2181.253505	   2181.253505	173508	   2181.253584	   2181.253433	0.0	      0.000000	331	73266	
371	  0.133931	 30.462681	   2181.252039	   2181.252039	174033	   2181.252117	   2181.251966	0.0	      0.000000	331	73266	
372	  0.133931	 13.055241	   2181.250569	   2181.250569	174559	   2181.250647	   2181.250496	0.0	      0.000000	331	73266	
373	  0.133931	 32.136967	   2181.249393	   2181.249393	174980	   2181.249471	   2181.249320	0.0	      0.000000	331	73266	
374	  0.133931	 11.832714	   2181.247923	   2181.247923	175506	   2181.248001	   2181.247851	0.0	      0.000000	331	73266	
375	  0.133931	 26.246208	   2181.246160	   2181.246160	176137	   2181.246238	   2181.246088	0.0	      0.000000	331	73266	
376	  0.133931	 31.856228	   2181.244984	   2181.244984	176558	   2181.245062	   2181.244911	0.0	      0.000000	331	73266	
377	  0.133931	 17.001276	   2181.243514	   2181.243514	177084	   2181.243593	   2181.243442	0.0	      0.000000	331	73266	
378	  0.133931	 21.540279	   2181.242045	   2181.242045	177610	   2181.242123	   2181.241972	0.0	      0.000000	331	73266	
379	  0.133931	 14.964563	   2181.240868	   2181.240868	178031	   2181.240947	   2181.240796	0.0	      0.000000	331	73266	
380	  0.133931	 13.372980	   2181.238222	   2181.238222	178978	   2181.238301	   2181.238150	0.0	      0.000000	331	73266	
381	  0.172197	 23.590185	   2181.237633	   2181.237633	179189	   2181.237711	   2181.237560	0.0	      0.000000	331	73266	
382	  0.172197	 14.372000	   2181.236163	   2181.236163	179715	   2181.236242	   2181.236091	0.0	      0.000000	331	73266	
383	  0.172197	 26.336458	   2181.229109	   2181.229109	182240	   2181.229187	   2181.229036	0.0	      0.000000	331	73266	
384	  0.133931	 20.036995	   2181.225289	   2181.225289	183607	   2181.225367	   2181.225217	0.0	      0.000000	331	73266	
385	  0.133931	 28.057123	   2181.223820	   2181.223820	184133	   2181.223898	   2181.223747	0.0	      0.000000	331	73266	
386	  0.133931	 12.149829	   2181.222350	   2181.222350	184659	   2181.222428	   2181.222277	0.0	      0.000000	331	73266	
387	  0.172197	 15.578941	   2181.222054	   2181.222054	184765	   2181.222132	   2181.221981	0.0	      0.000000	331	73266	
388	  0.172197	 31.698265	   2181.220584	   2181.220584	185291	   2181.220662	   2181.220512	0.0	      0.000000	331	73266	
389	  0.133931	 29.916275	   2181.213826	   2181.213826	187710	   2181.213904	   2181.213753	0.0	      0.000000	331	73266	
390	  0.172197	 16.912802	   2181.212060	   2181.212060	188342	   2181.212138	   2181.211987	0.0	      0.000000	331	73266	
391	  0.133931	 20.975285	   2181.210593	   2181.210593	188867	   2181.210671	   2181.210520	0.0	      0.000000	331	73266	
392	  0.133931	 16.219027	   2181.209417	   2181.209417	189288	   2181.209495	   2181.209344	0.0	      0.000000	331	73266	
393	  0.133931	 15.775768	   2181.207947	   2181.207947	189814	   2181.208025	   2181.207874	0.0	      0.000000	331	73266	
394	  0.133931	 26.296299	   2181.205008	   2181.205008	190866	   2181.205086	   2181.204935	0.0	      0.000000	331	73266	
395	  0.133931	 64.454330	   2181.203832	   2181.203832	191287	   2181.203910	   2181.203759	0.0	      0.000000	331	73266	
396	  0.133931	 28.271812	   2181.200892	   2181.200892	192339	   2181.200971	   2181.200820	0.0	      0.000000	331	73266	
397	  0.133931	 21.827742	   2181.199423	   2181.199423	192865	   2181.199501	   2181.199350	0.0	      0.000000	331	73266	
398	  0.172197	 11.203281	   2181.199127	   2181.199127	192971	   2181.199205	   2181.199054	0.0	      0.000000	331	73266	
399	  0.133931	 12.017997	   2181.195307	   2181.195307	194338	   2181.195385	   2181.195235	0.0	      0.000000	331	73266	
400	  0.133931	 21.755062	   2181.195014	   2181.195014	194443	   2181.195092	   2181.194941	0.0	      0.000000	331	73266	
401	  0.133931	 17.697462	   2181.193838	   2181.193838	194864	   2181.193916	   2181.193765	0.0	      0.000000	331	73266	
402	  0.133931	 11.805060	   2181.192368	   2181.192368	195390	   2181.192446	   2181.192295	0.0	      0.000000	331	73266	
403	  0.133931	 15.248395	   2181.192075	   2181.192075	195495	   2181.192153	   2181.192002	0.0	      0.000000	331	73266	
404	  0.172197	 27.540194	   2181.190602	   2181.190602	196022	   2181.190680	   2181.190529	0.0	      0.000000	331	73266	
405	  0.172197	 11.990929	   2181.189426	   2181.189426	196443	   2181.189504	   2181.189353	0.0	      0.000000	331	73266	
406	  0.133931	 18.512821	   2181.186489	   2181.186489	197494	   2181.186568	   2181.186417	0.0	      0.000000	331	73266	
407	  0.133931	 15.074657	   2181.185313	   2181.185313	197915	   2181.185391	   2181.185240	0.0	      0.000000	331	73266	
408	  0.172197	 11.930560	   2181.185017	   2181.185017	198021	   2181.185095	   2181.184944	0.0	      0.000000	331	73266	
409	  0.172197	 17.898695	   2181.183547	   2181.183547	198547	   2181.183626	   2181.183475	0.0	      0.000000	331	73266	
410	  0.133931	 10.872662	   2181.182374	   2181.182374	198967	   2181.182452	   2181.182301	0.0	      0.000000	331	73266	
411	  0.133931	 51.999424	   2181.182081	   2181.182081	199072	   2181.182159	   2181.182008	0.0	      0.000000	331	73266	
412	  0.133931	 15.331852	   2181.180904	   2181.180904	199493	   2181.180982	   2181.180832	0.0	      0.000000	331	73266	
413	  0.172197	 20.386271	   2181.180608	   2181.180608	199599	   2181.180686	   2181.180535	0.0	      0.000000	331	73266	
414	  0.133931	 30.207874	   2181.179435	   2181.179435	200019	   2181.179513	   2181.179362	0.0	      0.000000	331	73266	
415	  0.172197	 17.501659	   2181.177962	   2181.177962	200546	   2181.178040	   2181.177890	0.0	      0.000000	331	73266	
416	  0.172197	 14.216496	   2181.176493	   2181.176493	201072	   2181.176571	   2181.176420	0.0	      0.000000	331	73266	
417	  0.172197	 11.694139	   2181.175023	   2181.175023	201598	   2181.175101	   2181.174950	0.0	      0.000000	331	73266	
418	  0.172197	 15.408622	   2181.173553	   2181.173553	202124	   2181.173632	   2181.173481	0.0	      0.000000	331	73266	
419	  0.172197	 18.179790	   2181.172377	   2181.172377	202545	   2181.172455	   2181.172304	0.0	      0.000000	331	73266	
420	  0.172197	 62.074177	   2181.167675	   2181.167675	204228	   2181.167753	   2181.167602	0.0	      0.000000	331	73266	
421	  0.133931	 17.166204	   2181.163855	   2181.163855	205595	   2181.163934	   2181.163783	0.0	      0.000000	331	73266	
422	  0.172197	 22.234163	   2181.163559	   2181.163559	205701	   2181.163638	   2181.163487	0.0	      0.000000	331	73266	
423	  0.133931	 11.275767	   2181.162386	   2181.162386	206121	   2181.162464	   2181.162313	0.0	      0.000000	331	73266	
424	  0.172197	 10.311150	   2181.162090	   2181.162090	206227	   2181.162168	   2181.162017	0.0	      0.000000	331	73266	
425	  0.172197	 11.218682	   2181.160913	   2181.160913	206648	   2181.160992	   2181.160841	0.0	      0.000000	331	73266	
426	  0.172197	 14.581579	   2181.160620	   2181.160620	206753	   2181.160698	   2181.160547	0.0	      0.000000	331	73266	
427	  0.133931	 17.422703	   2181.159447	   2181.159447	207173	   2181.159525	   2181.159374	0.0	      0.000000	331	73266	
428	  0.172197	 13.982913	   2181.159150	   2181.159150	207279	   2181.159229	   2181.159078	0.0	      0.000000	331	73266	
429	  0.172197	 14.619250	   2181.157974	   2181.157974	207700	   2181.158052	   2181.157902	0.0	      0.000000	331	73266	
430	  0.172197	 22.246613	   2181.153565	   2181.153565	209278	   2181.153644	   2181.153493	0.0	      0.000000	331	73266	
431	  0.133931	 29.755829	   2181.152392	   2181.152392	209698	   2181.152470	   2181.152319	0.0	      0.000000	331	73266	
432	  0.133931	 12.293650	   2181.150922	   2181.150922	210224	   2181.151000	   2181.150850	0.0	      0.000000	331	73266	
433	  0.172197	 10.230918	   2181.150626	   2181.150626	210330	   2181.150704	   2181.150553	0.0	      0.000000	331	73266	
434	  0.172197	 19.477926	   2181.149450	   2181.149450	210751	   2181.149528	   2181.149377	0.0	      0.000000	331	73266	
435	  0.172197	 21.460941	   2181.146511	   2181.146511	211803	   2181.146589	   2181.146438	0.0	      0.000000	331	73266	
436	  0.172197	 29.772850	   2181.145334	   2181.145334	212224	   2181.145412	   2181.145262	0.0	      0.000000	331	73266	
437	  0.172197	 10.295835	   2181.145041	   2181.145041	212329	   2181.145119	   2181.144968	0.0	      0.000000	331	73266	
438	  0.133931	 35.280640	   2181.143867	   2181.143867	212749	   2181.143946	   2181.143795	0.0	      0.000000	331	73266	
439	  0.172197	 20.157961	   2181.142102	   2181.142102	213381	   2181.142180	   2181.142029	0.0	      0.000000	331	73266	
440	  0.172197	 19.576820	   2181.140632	   2181.140632	213907	   2181.140710	   2181.140559	0.0	      0.000000	331	73266	
441	  0.172197	 32.730022	   2181.139456	   2181.139456	214328	   2181.139534	   2181.139383	0.0	      0.000000	331	73266	
442	  0.172197	 18.232925	   2181.139162	   2181.139162	214433	   2181.139241	   2181.139090	0.0	      0.000000	331	73266	
443	  0.172197	 27.272614	   2181.137986	   2181.137986	214854	   2181.138064	   2181.137913	0.0	      0.000000	331	73266	
444	  0.172197	 10.876573	   2181.137693	   2181.137693	214959	   2181.137771	   2181.137620	0.0	      0.000000	331	73266	
445	  0.172197	 41.059738	   2181.136810	   2181.136810	215275	   2181.136888	   2181.136737	0.0	      0.000000	331	73266	
446	  0.172197	 11.195060	   2181.135047	   2181.135047	215906	   2181.135125	   2181.134974	0.0	      0.000000	331	73266	
447	  0.172197	 17.450701	   2181.133871	   2181.133871	216327	   2181.133949	   2181.133798	0.0	      0.000000	331	73266	
448	  0.172197	 11.269465	   2181.132108	   2181.132108	216958	   2181.132186	   2181.132035	0.0	      0.000000	331	73266	
449	  0.172197	 20.713526	   2181.129462	   2181.129462	217905	   2181.129540	   2181.129389	0.0	      0.000000	331	73266	
450	  0.172197	 38.065121	   2181.126522	   2181.126522	218957	   2181.126601	   2181.126450	0.0	      0.000000	331	73266	
451	  0.172197	 16.659218	   2181.125346	   2181.125346	219378	   2181.125424	   2181.125274	0.0	      0.000000	331	73266	
452	  0.172197	 28.819481	   2181.125053	   2181.125053	219483	   2181.125131	   2181.124980	0.0	      0.000000	331	73266	
453	  0.172197	 57.860397	   2181.123583	   2181.123583	220009	   2181.123661	   2181.123511	0.0	      0.000000	331	73266	
454	  0.172197	 10.242650	   2181.120937	   2181.120937	220956	   2181.121016	   2181.120865	0.0	      0.000000	331	73266	
455	  0.172197	 12.657241	   2181.119468	   2181.119468	221482	   2181.119546	   2181.119395	0.0	      0.000000	331	73266	
456	  0.172197	 13.678358	   2181.118291	   2181.118291	221903	   2181.118370	   2181.118219	0.0	      0.000000	331	73266	
457	  0.172197	 13.209183	   2181.116822	   2181.116822	222429	   2181.116900	   2181.116749	0.0	      0.000000	331	73266	
458	  0.172197	 21.640661	   2181.112413	   2181.112413	224007	   2181.112491	   2181.112340	0.0	      0.000000	331	73266	
459	  0.172197	 23.260809	   2181.110943	   2181.110943	224533	   2181.111022	   2181.110871	0.0	      0.000000	331	73266	
460	  0.172197	 29.691072	   2181.106828	   2181.106828	226006	   2181.106906	   2181.106755	0.0	      0.000000	331	73266	
461	  0.172197	 13.008187	   2181.103889	   2181.103889	227058	   2181.103967	   2181.103816	0.0	      0.000000	331	73266	
462	  0.172197	 21.286646	   2181.103595	   2181.103595	227163	   2181.103673	   2181.103523	0.0	      0.000000	331	73266	
463	  0.172197	 11.741146	   2181.099773	   2181.099773	228531	   2181.099851	   2181.099700	0.0	      0.000000	331	73266	
464	  0.172197	 14.716821	   2181.098303	   2181.098303	229057	   2181.098382	   2181.098231	0.0	      0.000000	331	73266	
465	  0.133931	 20.069960	   2181.093604	   2181.093604	230739	   2181.093682	   2181.093531	0.0	      0.000000	331	73266	
466	  0.172197	 15.602358	   2181.092425	   2181.092425	231161	   2181.092503	   2181.092352	0.0	      0.000000	331	73266	
467	  0.172197	 19.265013	   2181.090955	   2181.090955	231687	   2181.091033	   2181.090883	0.0	      0.000000	331	73266	
468	  0.172197	 11.355831	   2181.088016	   2181.088016	232739	   2181.088094	   2181.087943	0.0	      0.000000	331	73266	
469	  0.133931	 11.717297	   2181.083903	   2181.083903	234211	   2181.083982	   2181.083831	0.0	      0.000000	331	73266	
470	  0.172197	 11.067891	   2181.082431	   2181.082431	234738	   2181.082509	   2181.082358	0.0	      0.000000	331	73266	
471	  0.172197	 11.735221	   2181.080961	   2181.080961	235264	   2181.081039	   2181.080889	0.0	      0.000000	331	73266	
472	  0.172197	 36.824390	   2181.079198	   2181.079198	235895	   2181.079276	   2181.079126	0.0	      0.000000	331	73266	
473	  0.133931	 14.372869	   2181.076849	   2181.076849	236736	   2181.076927	   2181.076776	0.0	      0.000000	331	73266	
474	  0.172197	 12.785490	   2181.073613	   2181.073613	237894	   2181.073691	   2181.073540	0.0	      0.000000	331	73266	
475	  0.172197	 14.795750	   2181.070967	   2181.070967	238841	   2181.071045	   2181.070895	0.0	      0.000000	331	73266	
476	  0.172197	 14.084917	   2181.065382	   2181.065382	240840	   2181.065460	   2181.065309	0.0	      0.000000	331	73266	
477	  0.172197	 21.936680	   2181.063619	   2181.063619	241471	   2181.063697	   2181.063546	0.0	      0.000000	331	73266	
478	 -0.181763	 21.839289	   2181.062770	   2181.062770	241775	   2181.062848	   2181.062697	0.0	      0.000000	331	73266	
479	  0.172197	 16.110256	   2181.059504	   2181.059504	242944	   2181.059582	   2181.059431	0.0	      0.000000	331	73266	
480	  0.172197	 19.494064	   2181.059210	   2181.059210	243049	   2181.059288	   2181.059138	0.0	      0.000000	331	73266	
481	 -0.181763	 30.316317	   2181.058361	   2181.058361	243353	   2181.058439	   2181.058288	0.0	      0.000000	331	73266	
482	  0.172197	 12.951081	   2181.056564	   2181.056564	243996	   2181.056643	   2181.056492	0.0	      0.000000	331	73266	
483	  0.172197	 14.410266	   2181.055095	   2181.055095	244522	   2181.055173	   2181.055022	0.0	      0.000000	331	73266	
484	  0.172197	 13.558466	   2181.053918	   2181.053918	244943	   2181.053997	   2181.053846	0.0	      0.000000	331	73266	
485	  0.172197	 17.072002	   2181.050979	   2181.050979	245995	   2181.051057	   2181.050907	0.0	      0.000000	331	73266	
486	 -0.172197	 18.069693	   2181.049836	   2181.049836	246404	   2181.049915	   2181.049764	0.0	      0.000000	331	73266	
487	  0.172197	 30.397064	   2181.049510	   2181.049510	246521	   2181.049588	   2181.049437	0.0	      0.000000	331	73266	
488	  0.172197	 11.204977	   2181.046570	   2181.046570	247573	   2181.046649	   2181.046498	0.0	      0.000000	331	73266	
489	 -0.181763	 17.798708	   2181.045428	   2181.045428	247982	   2181.045506	   2181.045355	0.0	      0.000000	331	73266	
490	  0.172197	 28.187662	   2181.040692	   2181.040692	249677	   2181.040770	   2181.040619	0.0	      0.000000	331	73266	
491	  0.172197	 26.491617	   2181.038046	   2181.038046	250624	   2181.038124	   2181.037973	0.0	      0.000000	331	73266	
492	 -0.181763	 10.088246	   2181.036903	   2181.036903	251033	   2181.036981	   2181.036831	0.0	      0.000000	331	73266	
493	  0.172197	 10.456063	   2181.035107	   2181.035107	251676	   2181.035185	   2181.035034	0.0	      0.000000	331	73266	
494	 -0.181763	 15.410868	   2181.031025	   2181.031025	253137	   2181.031103	   2181.030952	0.0	      0.000000	331	73266	
495	  0.172197	 28.366203	   2181.028052	   2181.028052	254201	   2181.028130	   2181.027979	0.0	      0.000000	331	73266	
496	  0.172197	 13.214716	   2181.025113	   2181.025113	255253	   2181.025191	   2181.025040	0.0	      0.000000	331	73266	
497	 -0.172197	 24.260448	   2181.022794	   2181.022794	256083	   2181.022872	   2181.022721	0.0	      0.000000	331	73266	
498	 -0.181763	 17.526089	   2181.022500	   2181.022500	256188	   2181.022578	   2181.022428	0.0	      0.000000	331	73266	
499	 -0.172197	 17.051447	   2181.019561	   2181.019561	257240	   2181.019639	   2181.019488	0.0	      0.000000	331	73266	
500	  0.172197	 28.168436	   2181.018058	   2181.018058	257778	   2181.018136	   2181.017985	0.0	      0.000000	331	73266	
501	 -0.181763	 35.416779	   2181.017208	   2181.017208	258082	   2181.017287	   2181.017136	0.0	      0.000000	331	73266	
502	 -0.172197	 29.825356	   2181.016915	   2181.016915	258187	   2181.016993	   2181.016842	0.0	      0.000000	331	73266	
503	 -0.172197	 15.515285	   2181.015445	   2181.015445	258713	   2181.015524	   2181.015373	0.0	      0.000000	331	73266	
504	 -0.181763	 14.128313	   2181.011330	   2181.011330	260186	   2181.011408	   2181.011257	0.0	      0.000000	331	73266	
505	 -0.181763	 19.219036	   2181.011037	   2181.011037	260291	   2181.011115	   2181.010964	0.0	      0.000000	331	73266	
506	 -0.181763	 16.731234	   2181.008684	   2181.008684	261133	   2181.008762	   2181.008611	0.0	      0.000000	331	73266	
507	 -0.181763	 21.050442	   2181.008391	   2181.008391	261238	   2181.008469	   2181.008318	0.0	      0.000000	331	73266	
508	 -0.181763	 30.451857	   2181.005745	   2181.005745	262185	   2181.005823	   2181.005672	0.0	      0.000000	331	73266	
509	  0.172197	 12.270728	   2181.005125	   2181.005125	262407	   2181.005203	   2181.005052	0.0	      0.000000	331	73266	
510	 -0.172197	 55.562069	   2181.004275	   2181.004275	262711	   2181.004353	   2181.004203	0.0	      0.000000	331	73266	
511	 -0.181763	 17.450289	   2181.003982	   2181.003982	262816	   2181.004060	   2181.003909	0.0	      0.000000	331	73266	
512	  0.172197	 17.631533	   2181.003655	   2181.003655	262933	   2181.003733	   2181.003582	0.0	      0.000000	331	73266	
513	 -0.181763	 13.016368	   2181.001629	   2181.001629	263658	   2181.001708	   2181.001557	0.0	      0.000000	331	73266	
514	 -0.172197	 18.127430	   2181.000160	   2181.000160	264184	   2181.000238	   2181.000087	0.0	      0.000000	331	73266	
515	 -0.172197	 16.670727	   2180.998690	   2180.998690	264710	   2180.998768	   2180.998617	0.0	      0.000000	331	73266	
516	 -0.181763	 13.432703	   2180.996927	   2180.996927	265341	   2180.997005	   2180.996854	0.0	      0.000000	331	73266	
517	 -0.181763	 12.612619	   2180.996634	   2180.996634	265446	   2180.996712	   2180.996561	0.0	      0.000000	331	73266	
518	  0.172197	 11.815342	   2180.993661	   2180.993661	266510	   2180.993739	   2180.993588	0.0	      0.000000	331	73266	
519	 -0.181763	 16.004587	   2180.992518	   2180.992518	266919	   2180.992596	   2180.992446	0.0	      0.000000	331	73266	
520	 -0.181763	 15.663695	   2180.991635	   2180.991635	267235	   2180.991714	   2180.991563	0.0	      0.000000	331	73266	
521	 -0.181763	 15.238852	   2180.990166	   2180.990166	267761	   2180.990244	   2180.990093	0.0	      0.000000	331	73266	
522	 -0.181763	 11.899793	   2180.989872	   2180.989872	267866	   2180.989951	   2180.989800	0.0	      0.000000	331	73266	
523	 -0.181763	 27.669306	   2180.989579	   2180.989579	267971	   2180.989657	   2180.989506	0.0	      0.000000	331	73266	
524	 -0.172197	 14.827526	   2180.988403	   2180.988403	268392	   2180.988481	   2180.988330	0.0	      0.000000	331	73266	
525	 -0.172197	 37.538692	   2180.988109	   2180.988109	268497	   2180.988188	   2180.988037	0.0	      0.000000	331	73266	
526	 -0.172197	 20.401562	   2180.986640	   2180.986640	269023	   2180.986718	   2180.986567	0.0	      0.000000	331	73266	
527	 -0.172197	 65.251663	   2180.985463	   2180.985463	269444	   2180.985542	   2180.985391	0.0	      0.000000	331	73266	
528	 -0.172197	 21.853113	   2180.985170	   2180.985170	269549	   2180.985248	   2180.985097	0.0	      0.000000	331	73266	
529	 -0.181763	 18.365160	   2180.983700	   2180.983700	270075	   2180.983779	   2180.983628	0.0	      0.000000	331	73266	
530	 -0.172197	 21.574497	   2180.981348	   2180.981348	270917	   2180.981426	   2180.981275	0.0	      0.000000	331	73266	
531	 -0.172197	 22.610577	   2180.979878	   2180.979878	271443	   2180.979957	   2180.979806	0.0	      0.000000	331	73266	
532	 -0.181763	 20.349253	   2180.976646	   2180.976646	272600	   2180.976724	   2180.976573	0.0	      0.000000	331	73266	
533	 -0.181763	 12.549602	   2180.975469	   2180.975469	273021	   2180.975548	   2180.975397	0.0	      0.000000	331	73266	
534	 -0.172197	 20.241926	   2180.974293	   2180.974293	273442	   2180.974371	   2180.974220	0.0	      0.000000	331	73266	
535	 -0.181763	 11.399983	   2180.974000	   2180.974000	273547	   2180.974078	   2180.973927	0.0	      0.000000	331	73266	
536	 -0.172197	 11.902088	   2180.972530	   2180.972530	274073	   2180.972608	   2180.972457	0.0	      0.000000	331	73266	
537	 -0.172197	 17.673239	   2180.971061	   2180.971061	274599	   2180.971139	   2180.970988	0.0	      0.000000	331	73266	
538	 -0.181763	 35.938572	   2180.970178	   2180.970178	274915	   2180.970256	   2180.970105	0.0	      0.000000	331	73266	
539	 -0.181763	 26.844540	   2180.968708	   2180.968708	275441	   2180.968786	   2180.968635	0.0	      0.000000	331	73266	
540	 -0.172197	 10.695400	   2180.968415	   2180.968415	275546	   2180.968493	   2180.968342	0.0	      0.000000	331	73266	
541	 -0.172197	 33.386177	   2180.966945	   2180.966945	276072	   2180.967023	   2180.966872	0.0	      0.000000	331	73266	
542	 -0.181763	 15.295669	   2180.966652	   2180.966652	276177	   2180.966730	   2180.966579	0.0	      0.000000	331	73266	
543	 -0.172197	 24.497297	   2180.965475	   2180.965475	276598	   2180.965554	   2180.965403	0.0	      0.000000	331	73266	
544	 -0.172197	 10.659352	   2180.964299	   2180.964299	277019	   2180.964377	   2180.964226	0.0	      0.000000	331	73266	
545	 -0.172197	 17.211767	   2180.962829	   2180.962829	277545	   2180.962908	   2180.962757	0.0	      0.000000	331	73266	
546	 -0.181763	 24.217840	   2180.961653	   2180.961653	277966	   2180.961731	   2180.961581	0.0	      0.000000	331	73266	
547	 -0.181763	 16.041195	   2180.959890	   2180.959890	278597	   2180.959968	   2180.959818	0.0	      0.000000	331	73266	
548	 -0.181763	 11.087350	   2180.959597	   2180.959597	278702	   2180.959675	   2180.959524	0.0	      0.000000	331	73266	
549	 -0.181763	 19.746010	   2180.958714	   2180.958714	279018	   2180.958792	   2180.958641	0.0	      0.000000	331	73266	
550	 -0.181763	 17.479647	   2180.955775	   2180.955775	280070	   2180.955853	   2180.955702	0.0	      0.000000	331	73266	
551	 -0.172197	 36.561699	   2180.954598	   2180.954598	280491	   2180.954677	   2180.954526	0.0	      0.000000	331	73266	
552	 -0.172197	 15.695745	   2180.954012	   2180.954012	280701	   2180.954090	   2180.953939	0.0	      0.000000	331	73266	
553	 -0.181763	 11.986124	   2180.949896	   2180.949896	282174	   2180.949974	   2180.949824	0.0	      0.000000	331	73266	
554	 -0.181763	 27.618795	   2180.946074	   2180.946074	283542	   2180.946152	   2180.946001	0.0	      0.000000	331	73266	
555	  0.172197	 12.467136	   2180.945160	   2180.945160	283869	   2180.945239	   2180.945088	0.0	      0.000000	331	73266	
556	 -0.181763	 13.680058	   2180.941665	   2180.941665	285120	   2180.941743	   2180.941593	0.0	      0.000000	331	73266	
557	 -0.172197	 25.356268	   2180.939902	   2180.939902	285751	   2180.939980	   2180.939830	0.0	      0.000000	331	73266	
558	 -0.172197	 25.606787	   2180.938433	   2180.938433	286277	   2180.938511	   2180.938360	0.0	      0.000000	331	73266	
559	 -0.172197	 13.958679	   2180.935787	   2180.935787	287224	   2180.935865	   2180.935714	0.0	      0.000000	331	73266	
560	 -0.172197	 19.037085	   2180.932847	   2180.932847	288276	   2180.932926	   2180.932775	0.0	      0.000000	331	73266	
561	 -0.181763	 43.155998	   2180.931671	   2180.931671	288697	   2180.931749	   2180.931599	0.0	      0.000000	331	73266	
562	 -0.172197	 11.705594	   2180.931378	   2180.931378	288802	   2180.931456	   2180.931305	0.0	      0.000000	331	73266	
563	 -0.172197	 11.634074	   2180.930202	   2180.930202	289223	   2180.930280	   2180.930129	0.0	      0.000000	331	73266	
564	 -0.181763	 13.771194	   2180.929908	   2180.929908	289328	   2180.929986	   2180.929836	0.0	      0.000000	331	73266	
565	 -0.172197	 11.643464	   2180.929615	   2180.929615	289433	   2180.929693	   2180.929542	0.0	      0.000000	331	73266	
566	 -0.181763	 10.073871	   2180.928732	   2180.928732	289749	   2180.928810	   2180.928659	0.0	      0.000000	331	73266	
567	 -0.181763	 11.203225	   2180.928439	   2180.928439	289854	   2180.928517	   2180.928366	0.0	      0.000000	331	73266	
568	 -0.181763	 16.367434	   2180.927262	   2180.927262	290275	   2180.927341	   2180.927190	0.0	      0.000000	331	73266	
569	 -0.181763	 15.813576	   2180.925793	   2180.925793	290801	   2180.925871	   2180.925720	0.0	      0.000000	331	73266	
570	  0.172197	 12.377191	   2180.925172	   2180.925172	291023	   2180.925251	   2180.925100	0.0	      0.000000	331	73266	
571	 -0.181763	 42.061520	   2180.921677	   2180.921677	292274	   2180.921755	   2180.921604	0.0	      0.000000	331	73266	
572	 -0.181763	 23.925611	   2180.921090	   2180.921090	292484	   2180.921169	   2180.921018	0.0	      0.000000	331	73266	
573	 -0.172197	 13.679626	   2180.919031	   2180.919031	293221	   2180.919109	   2180.918959	0.0	      0.000000	331	73266	
574	 -0.172197	 39.459984	   2180.917562	   2180.917562	293747	   2180.917640	   2180.917489	0.0	      0.000000	331	73266	
575	 -0.181763	 16.230366	   2180.916975	   2180.916975	293957	   2180.917053	   2180.916902	0.0	      0.000000	331	73266	
576	 -0.172197	 23.022375	   2180.914622	   2180.914622	294799	   2180.914701	   2180.914550	0.0	      0.000000	331	73266	
577	 -0.181763	 31.857071	   2180.914329	   2180.914329	294904	   2180.914407	   2180.914256	0.0	      0.000000	331	73266	
578	 -0.181763	 20.936256	   2180.914036	   2180.914036	295009	   2180.914114	   2180.913963	0.0	      0.000000	331	73266	
579	 -0.181763	 12.255231	   2180.908744	   2180.908744	296903	   2180.908822	   2180.908671	0.0	      0.000000	331	73266	
580	 -0.172197	 18.018448	   2180.906981	   2180.906981	297534	   2180.907059	   2180.906908	0.0	      0.000000	331	73266	
581	 -0.181763	 16.251534	   2180.902865	   2180.902865	299007	   2180.902944	   2180.902793	0.0	      0.000000	331	73266	
582	 -0.181763	 13.686913	   2180.901689	   2180.901689	299428	   2180.901767	   2180.901616	0.0	      0.000000	331	73266	
583	 -0.172197	 19.152304	   2180.900219	   2180.900219	299954	   2180.900298	   2180.900147	0.0	      0.000000	331	73266	
584	 -0.172197	 23.528713	   2180.899926	   2180.899926	300059	   2180.900004	   2180.899853	0.0	      0.000000	331	73266	
585	 -0.181763	 15.962656	   2180.899633	   2180.899633	300164	   2180.899711	   2180.899560	0.0	      0.000000	331	73266	
586	 -0.181763	 38.138683	   2180.897280	   2180.897280	301006	   2180.897358	   2180.897208	0.0	      0.000000	331	73266	
587	 -0.181763	 12.094765	   2180.893458	   2180.893458	302374	   2180.893536	   2180.893385	0.0	      0.000000	331	73266	
588	 -0.172197	 19.929836	   2180.892871	   2180.892871	302584	   2180.892950	   2180.892799	0.0	      0.000000	331	73266	
589	 -0.181763	 13.269886	   2180.892578	   2180.892578	302689	   2180.892656	   2180.892505	0.0	      0.000000	331	73266	
590	 -0.181763	 37.534481	   2180.891108	   2180.891108	303215	   2180.891187	   2180.891036	0.0	      0.000000	331	73266	
591	 -0.172197	 23.312365	   2180.890225	   2180.890225	303531	   2180.890304	   2180.890153	0.0	      0.000000	331	73266	
592	 -0.181763	 11.180185	   2180.889049	   2180.889049	303952	   2180.889127	   2180.888977	0.0	      0.000000	331	73266	
593	 -0.172197	 14.887424	   2180.888462	   2180.888462	304162	   2180.888541	   2180.888390	0.0	      0.000000	331	73266	
594	 -0.181763	 20.807451	   2180.888169	   2180.888169	304267	   2180.888247	   2180.888096	0.0	      0.000000	331	73266	
595	 -0.172197	 11.663760	   2180.882877	   2180.882877	306161	   2180.882956	   2180.882805	0.0	      0.000000	331	73266	
596	 -0.181763	 14.652583	   2180.882584	   2180.882584	306266	   2180.882662	   2180.882511	0.0	      0.000000	331	73266	
597	 -0.172197	 49.264858	   2180.881701	   2180.881701	306582	   2180.881779	   2180.881628	0.0	      0.000000	331	73266	
598	 -0.181763	 23.888588	   2180.881114	   2180.881114	306792	   2180.881193	   2180.881042	0.0	      0.000000	331	73266	
599	 -0.181763	 24.659281	   2180.879938	   2180.879938	307213	   2180.880016	   2180.879865	0.0	      0.000000	331	73266	
600	 -0.172197	 45.816463	   2180.878468	   2180.878468	307739	   2180.878547	   2180.878396	0.0	      0.000000	331	73266	
601	 -0.181763	 11.533654	   2180.877292	   2180.877292	308160	   2180.877370	   2180.877220	0.0	      0.000000	331	73266	
602	 -0.172197	 16.260096	   2180.876999	   2180.876999	308265	   2180.877077	   2180.876926	0.0	      0.000000	331	73266	
603	 -0.172197	 12.176445	   2180.876116	   2180.876116	308581	   2180.876194	   2180.876043	0.0	      0.000000	331	73266	
604	 -0.181763	 17.960840	   2180.871707	   2180.871707	310159	   2180.871785	   2180.871634	0.0	      0.000000	331	73266	
605	 -0.181763	 14.710626	   2180.870237	   2180.870237	310685	   2180.870316	   2180.870165	0.0	      0.000000	331	73266	
606	 -0.181763	 16.023935	   2180.868181	   2180.868181	311421	   2180.868259	   2180.868108	0.0	      0.000000	331	73266	
607	 -0.172197	 19.401365	   2180.867592	   2180.867592	311632	   2180.867670	   2180.867519	0.0	      0.000000	331	73266	
608	 -0.172197	 19.082176	   2180.866711	   2180.866711	311947	   2180.866790	   2180.866639	0.0	      0.000000	331	73266	
609	 -0.181763	 11.338951	   2180.865829	   2180.865829	312263	   2180.865907	   2180.865756	0.0	      0.000000	331	73266	
610	 -0.172197	 10.788438	   2180.864652	   2180.864652	312684	   2180.864730	   2180.864580	0.0	      0.000000	331	73266	
611	 -0.181763	 14.785949	   2180.862596	   2180.862596	313420	   2180.862674	   2180.862523	0.0	      0.000000	331	73266	
612	 -0.181763	 19.176352	   2180.861713	   2180.861713	313736	   2180.861791	   2180.861640	0.0	      0.000000	331	73266	
613	 -0.172197	 13.804255	   2180.861126	   2180.861126	313946	   2180.861204	   2180.861054	0.0	      0.000000	331	73266	
614	 -0.172197	 10.942699	   2180.859950	   2180.859950	314367	   2180.860028	   2180.859877	0.0	      0.000000	331	73266	
615	 -0.172197	 18.995722	   2180.859657	   2180.859657	314472	   2180.859735	   2180.859584	0.0	      0.000000	331	73266	
616	 -0.181763	 10.305138	   2180.856128	   2180.856128	315735	   2180.856206	   2180.856055	0.0	      0.000000	331	73266	
617	 -0.181763	 25.637495	   2180.854365	   2180.854365	316366	   2180.854443	   2180.854292	0.0	      0.000000	331	73266	
618	 -0.172197	 27.503475	   2180.853189	   2180.853189	316787	   2180.853267	   2180.853116	0.0	      0.000000	331	73266	
619	 -0.172197	 22.799000	   2180.852602	   2180.852602	316997	   2180.852680	   2180.852529	0.0	      0.000000	331	73266	
620	 -0.181763	 20.056637	   2180.851719	   2180.851719	317313	   2180.851797	   2180.851646	0.0	      0.000000	331	73266	
621	 -0.172197	 20.079319	   2180.849956	   2180.849956	317944	   2180.850034	   2180.849883	0.0	      0.000000	331	73266	
622	 -0.181763	 11.687549	   2180.849073	   2180.849073	318260	   2180.849151	   2180.849000	0.0	      0.000000	331	73266	
623	 -0.172197	 11.825843	   2180.848486	   2180.848486	318470	   2180.848565	   2180.848414	0.0	      0.000000	331	73266	
624	 -0.172197	 23.869101	   2180.847310	   2180.847310	318891	   2180.847388	   2180.847237	0.0	      0.000000	331	73266	
625	 -0.172197	 20.521408	   2180.847017	   2180.847017	318996	   2180.847095	   2180.846944	0.0	      0.000000	331	73266	
626	 -0.172197	 12.712869	   2180.844371	   2180.844371	319943	   2180.844449	   2180.844298	0.0	      0.000000	331	73266	
627	 -0.181763	 14.230446	   2180.842901	   2180.842901	320469	   2180.842979	   2180.842829	0.0	      0.000000	331	73266	
628	 -0.181763	 19.458036	   2180.841432	   2180.841432	320995	   2180.841510	   2180.841359	0.0	      0.000000	331	73266	
629	 -0.172197	 37.950722	   2180.840549	   2180.840549	321311	   2180.840627	   2180.840476	0.0	      0.000000	331	73266	
630	 -0.172197	 11.322408	   2180.839079	   2180.839079	321837	   2180.839157	   2180.839006	0.0	      0.000000	331	73266	
631	 -0.172197	 25.542513	   2180.837609	   2180.837609	322363	   2180.837688	   2180.837537	0.0	      0.000000	331	73266	
632	 -0.181763	 13.372955	   2180.831731	   2180.831731	324467	   2180.831809	   2180.831658	0.0	      0.000000	331	73266	
633	 -0.181763	 40.669815	   2180.831438	   2180.831438	324572	   2180.831516	   2180.831365	0.0	      0.000000	331	73266	
634	 -0.172197	 14.806643	   2180.830261	   2180.830261	324993	   2180.830340	   2180.830189	0.0	      0.000000	331	73266	
635	 -0.181763	 24.885750	   2180.829675	   2180.829675	325203	   2180.829753	   2180.829602	0.0	      0.000000	331	73266	
636	 -0.172197	 13.488660	   2180.828792	   2180.828792	325519	   2180.828870	   2180.828719	0.0	      0.000000	331	73266	
637	 -0.162630	 14.408470	   2180.827909	   2180.827909	325835	   2180.827987	   2180.827836	0.0	      0.000000	331	73266	
638	 -0.181763	 54.081551	   2180.827029	   2180.827029	326150	   2180.827107	   2180.826956	0.0	      0.000000	331	73266	
639	 -0.181763	 16.769125	   2180.825559	   2180.825559	326676	   2180.825637	   2180.825486	0.0	      0.000000	331	73266	
640	 -0.172197	 60.833393	   2180.824383	   2180.824383	327097	   2180.824461	   2180.824310	0.0	      0.000000	331	73266	
641	 -0.172197	 25.064722	   2180.822913	   2180.822913	327623	   2180.822991	   2180.822841	0.0	      0.000000	331	73266	
642	 -0.181763	 11.815153	   2180.822620	   2180.822620	327728	   2180.822698	   2180.822547	0.0	      0.000000	331	73266	
643	 -0.172197	 24.649776	   2180.821444	   2180.821444	328149	   2180.821522	   2180.821371	0.0	      0.000000	331	73266	
644	 -0.181763	 12.291813	   2180.817621	   2180.817621	329517	   2180.817700	   2180.817549	0.0	      0.000000	331	73266	
645	 -0.172197	 10.412321	   2180.817035	   2180.817035	329727	   2180.817113	   2180.816962	0.0	      0.000000	331	73266	
646	 -0.172197	 20.487604	   2180.815858	   2180.815858	330148	   2180.815937	   2180.815786	0.0	      0.000000	331	73266	
647	 -0.181763	 31.926847	   2180.814389	   2180.814389	330674	   2180.814467	   2180.814316	0.0	      0.000000	331	73266	
648	 -0.181763	 19.297855	   2180.813213	   2180.813213	331095	   2180.813291	   2180.813140	0.0	      0.000000	331	73266	
649	 -0.172197	 18.877172	   2180.810567	   2180.810567	332042	   2180.810645	   2180.810494	0.0	      0.000000	331	73266	
650	 -0.181763	 28.551809	   2180.807627	   2180.807627	333094	   2180.807706	   2180.807555	0.0	      0.000000	331	73266	
651	 -0.181763	 15.112011	   2180.807334	   2180.807334	333199	   2180.807412	   2180.807261	0.0	      0.000000	331	73266	
652	 -0.172197	 14.664968	   2180.799986	   2180.799986	335829	   2180.800064	   2180.799913	0.0	      0.000000	331	73266	
653	 -0.172197	 10.723397	   2180.799103	   2180.799103	336145	   2180.799181	   2180.799030	0.0	      0.000000	331	73266	
654	 -0.181763	 11.874738	   2180.797340	   2180.797340	336776	   2180.797418	   2180.797267	0.0	      0.000000	331	73266	
655	 -0.172197	 12.793667	   2180.795870	   2180.795870	337302	   2180.795949	   2180.795798	0.0	      0.000000	331	73266	
656	 -0.181763	 11.804885	   2180.794694	   2180.794694	337723	   2180.794772	   2180.794621	0.0	      0.000000	331	73266	
657	 -0.172197	 11.191625	   2180.794401	   2180.794401	337828	   2180.794479	   2180.794328	0.0	      0.000000	331	73266	
658	 -0.181763	 10.990370	   2180.793518	   2180.793518	338144	   2180.793596	   2180.793445	0.0	      0.000000	331	73266	
659	 -0.172197	 12.095188	   2180.791755	   2180.791755	338775	   2180.791833	   2180.791682	0.0	      0.000000	331	73266	
660	 -0.181763	 13.714264	   2180.789109	   2180.789109	339722	   2180.789187	   2180.789036	0.0	      0.000000	331	73266	
661	 -0.172197	 13.533313	   2180.787346	   2180.787346	340353	   2180.787424	   2180.787273	0.0	      0.000000	331	73266	
662	 -0.172197	 10.135055	   2180.786170	   2180.786170	340774	   2180.786248	   2180.786097	0.0	      0.000000	331	73266	
663	 -0.181763	 10.684218	   2180.785876	   2180.785876	340879	   2180.785955	   2180.785804	0.0	      0.000000	331	73266	
664	 -0.181763	 11.724821	   2180.784700	   2180.784700	341300	   2180.784778	   2180.784627	0.0	      0.000000	331	73266	
665	 -0.181763	 16.205118	   2180.784113	   2180.784113	341510	   2180.784192	   2180.784041	0.0	      0.000000	331	73266	
666	 -0.172197	 18.807545	   2180.782937	   2180.782937	341931	   2180.783015	   2180.782864	0.0	      0.000000	331	73266	
667	 -0.181763	 30.403389	   2180.781761	   2180.781761	342352	   2180.781839	   2180.781688	0.0	      0.000000	331	73266	
668	 -0.172197	 18.126419	   2180.781174	   2180.781174	342562	   2180.781252	   2180.781101	0.0	      0.000000	331	73266	
669	 -0.181763	 13.496650	   2180.780585	   2180.780585	342773	   2180.780663	   2180.780512	0.0	      0.000000	331	73266	
670	 -0.181763	 25.103508	   2180.779998	   2180.779998	342983	   2180.780076	   2180.779925	0.0	      0.000000	331	73266	
671	 -0.181763	 29.275503	   2180.778528	   2180.778528	343509	   2180.778606	   2180.778456	0.0	      0.000000	331	73266	
672	 -0.172197	 17.259535	   2180.775589	   2180.775589	344561	   2180.775667	   2180.775516	0.0	      0.000000	331	73266	
673	 -0.181763	 11.289443	   2180.774413	   2180.774413	344982	   2180.774491	   2180.774340	0.0	      0.000000	331	73266	
674	 -0.181763	 18.030313	   2180.772943	   2180.772943	345508	   2180.773021	   2180.772870	0.0	      0.000000	331	73266	
675	 -0.172197	 17.320139	   2180.772650	   2180.772650	345613	   2180.772728	   2180.772577	0.0	      0.000000	331	73266	
676	 -0.133931	 24.530777	   2180.772354	   2180.772354	345719	   2180.772432	   2180.772281	0.0	      0.000000	331	73266	
677	 -0.172197	 10.522538	   2180.772060	   2180.772060	345824	   2180.772138	   2180.771988	0.0	      0.000000	331	73266	
678	 -0.162630	 13.251908	   2180.770884	   2180.770884	346245	   2180.770962	   2180.770811	0.0	      0.000000	331	73266	
679	 -0.181763	 48.292015	   2180.768828	   2180.768828	346981	   2180.768906	   2180.768755	0.0	      0.000000	331	73266	
680	 -0.162630	 12.282078	   2180.767945	   2180.767945	347297	   2180.768023	   2180.767872	0.0	      0.000000	331	73266	
681	 -0.172197	 12.542686	   2180.766475	   2180.766475	347823	   2180.766553	   2180.766402	0.0	      0.000000	331	73266	
682	 -0.172197	 23.372896	   2180.765888	   2180.765888	348033	   2180.765967	   2180.765816	0.0	      0.000000	331	73266	
683	 -0.172197	 23.294493	   2180.764419	   2180.764419	348559	   2180.764497	   2180.764346	0.0	      0.000000	331	73266	
684	 -0.181763	 16.063530	   2180.764125	   2180.764125	348664	   2180.764204	   2180.764053	0.0	      0.000000	331	73266	
685	 -0.181763	 13.368567	   2180.763536	   2180.763536	348875	   2180.763614	   2180.763463	0.0	      0.000000	331	73266	
686	 -0.172197	 10.512529	   2180.761479	   2180.761479	349611	   2180.761558	   2180.761407	0.0	      0.000000	331	73266	
687	 -0.181763	 14.000877	   2180.760303	   2180.760303	350032	   2180.760381	   2180.760230	0.0	      0.000000	331	73266	
688	 -0.172197	 29.979765	   2180.758834	   2180.758834	350558	   2180.758912	   2180.758761	0.0	      0.000000	331	73266	
689	 -0.172197	 20.014133	   2180.757364	   2180.757364	351084	   2180.757442	   2180.757291	0.0	      0.000000	331	73266	
690	 -0.172197	 13.855725	   2180.753248	   2180.753248	352557	   2180.753327	   2180.753176	0.0	      0.000000	331	73266	
691	 -0.172197	 14.190636	   2180.752955	   2180.752955	352662	   2180.753033	   2180.752882	0.0	      0.000000	331	73266	
692	 -0.181763	 30.098949	   2180.750016	   2180.750016	353714	   2180.750094	   2180.749943	0.0	      0.000000	331	73266	
693	 -0.172197	 12.217509	   2180.749426	   2180.749426	353925	   2180.749504	   2180.749354	0.0	      0.000000	331	73266	
694	 -0.172197	 11.271365	   2180.742961	   2180.742961	356239	   2180.743039	   2180.742888	0.0	      0.000000	331	73266	
695	  0.172197	 12.810878	   2180.739692	   2180.739692	357409	   2180.739770	   2180.739619	0.0	      0.000000	331	73266	
696	  0.172197	 11.576278	   2180.730871	   2180.730871	360566	   2180.730950	   2180.730799	0.0	      0.000000	331	73266	
697	  0.172197	 10.136899	   2180.729695	   2180.729695	360987	   2180.729773	   2180.729623	0.0	      0.000000	331	73266	
698	  0.172197	 32.110115	   2180.721171	   2180.721171	364038	   2180.721249	   2180.721098	0.0	      0.000000	331	73266	
699	  0.172197	 14.784957	   2180.706768	   2180.706768	369193	   2180.706846	   2180.706695	0.0	      0.000000	331	73266	
700	  0.172197	 26.495239	   2180.699713	   2180.699713	371718	   2180.699791	   2180.699641	0.0	      0.000000	331	73266	
701	  0.172197	 14.413104	   2180.698244	   2180.698244	372244	   2180.698322	   2180.698171	0.0	      0.000000	331	73266	
702	  0.172197	 20.188168	   2180.694128	   2180.694128	373717	   2180.694206	   2180.694055	0.0	      0.000000	331	73266	
703	  0.172197	 12.110068	   2180.693835	   2180.693835	373822	   2180.693913	   2180.693762	0.0	      0.000000	331	73266	
704	  0.172197	 10.734233	   2180.656801	   2180.656801	387077	   2180.656879	   2180.656728	0.0	      0.000000	331	73266	
705	  0.172197	 11.854262	   2180.644158	   2180.644158	391602	   2180.644236	   2180.644085	0.0	      0.000000	331	73266	
706	  0.172197	 11.352078	   2180.638279	   2180.638279	393706	   2180.638358	   2180.638207	0.0	      0.000000	331	73266	
707	  0.172197	 21.461473	   2180.629755	   2180.629755	396757	   2180.629833	   2180.629682	0.0	      0.000000	331	73266	
708	  0.172197	 11.478496	   2180.625642	   2180.625642	398229	   2180.625721	   2180.625570	0.0	      0.000000	331	73266	
709	  0.172197	 29.003952	   2180.624170	   2180.624170	398756	   2180.624248	   2180.624097	0.0	      0.000000	331	73266	
710	  0.172197	 17.325417	   2180.623876	   2180.623876	398861	   2180.623955	   2180.623804	0.0	      0.000000	331	73266	
711	  0.172197	 14.148675	   2180.615645	   2180.615645	401807	   2180.615724	   2180.615573	0.0	      0.000000	331	73266	
712	  0.172197	 13.041961	   2180.608300	   2180.608300	404436	   2180.608378	   2180.608227	0.0	      0.000000	331	73266	
713	  0.172197	 24.891741	   2180.607124	   2180.607124	404857	   2180.607202	   2180.607051	0.0	      0.000000	331	73266	
714	  0.172197	 11.583722	   2180.598303	   2180.598303	408014	   2180.598382	   2180.598231	0.0	      0.000000	331	73266	
715	  0.172197	 10.035512	   2180.595657	   2180.595657	408961	   2180.595736	   2180.595585	0.0	      0.000000	331	73266	
716	  0.172197	 11.515578	   2180.594188	   2180.594188	409487	   2180.594266	   2180.594115	0.0	      0.000000	331	73266	
717	  0.172197	 16.438139	   2180.589779	   2180.589779	411065	   2180.589857	   2180.589706	0.0	      0.000000	331	73266	
718	  0.172197	 12.216483	   2180.588603	   2180.588603	411486	   2180.588681	   2180.588530	0.0	      0.000000	331	73266	
719	  0.172197	 13.187004	   2180.587133	   2180.587133	412012	   2180.587211	   2180.587060	0.0	      0.000000	331	73266	
720	  0.172197	 10.653185	   2180.585077	   2180.585077	412748	   2180.585155	   2180.585004	0.0	      0.000000	331	73266	
721	  0.172197	 16.386667	   2180.579785	   2180.579785	414642	   2180.579863	   2180.579712	0.0	      0.000000	331	73266	
722	  0.133931	 12.479879	   2180.578910	   2180.578910	414955	   2180.578989	   2180.578838	0.0	      0.000000	331	73266	
723	  0.172197	 12.586398	   2180.578315	   2180.578315	415168	   2180.578393	   2180.578243	0.0	      0.000000	331	73266	
724	  0.172197	 14.201673	   2180.575376	   2180.575376	416220	   2180.575454	   2180.575303	0.0	      0.000000	331	73266	
725	  0.172197	 17.592094	   2180.572730	   2180.572730	417167	   2180.572808	   2180.572657	0.0	      0.000000	331	73266	
726	  0.172197	 12.389407	   2180.570967	   2180.570967	417798	   2180.571045	   2180.570894	0.0	      0.000000	331	73266	
727	  0.172197	 14.630874	   2180.569791	   2180.569791	418219	   2180.569869	   2180.569718	0.0	      0.000000	331	73266	
728	  0.172197	 11.741421	   2180.562736	   2180.562736	420744	   2180.562814	   2180.562663	0.0	      0.000000	331	73266	
729	  0.172197	 21.979803	   2180.558621	   2180.558621	422217	   2180.558699	   2180.558548	0.0	      0.000000	331	73266	
730	  0.172197	 17.240377	   2180.558327	   2180.558327	422322	   2180.558405	   2180.558255	0.0	      0.000000	331	73266	
731	  0.172197	 10.750334	   2180.557151	   2180.557151	422743	   2180.557229	   2180.557078	0.0	      0.000000	331	73266	
732	  0.172197	 17.112146	   2180.556564	   2180.556564	422953	   2180.556642	   2180.556492	0.0	      0.000000	331	73266	
733	  0.172197	 11.210935	   2180.555681	   2180.555681	423269	   2180.555760	   2180.555609	0.0	      0.000000	331	73266	
734	  0.172197	 13.244441	   2180.555388	   2180.555388	423374	   2180.555466	   2180.555315	0.0	      0.000000	331	73266	
735	  0.172197	 12.259949	   2180.554212	   2180.554212	423795	   2180.554290	   2180.554139	0.0	      0.000000	331	73266	
736	  0.172197	 13.082550	   2180.553918	   2180.553918	423900	   2180.553997	   2180.553846	0.0	      0.000000	331	73266	
737	  0.172197	 11.307504	   2180.551569	   2180.551569	424741	   2180.551647	   2180.551496	0.0	      0.000000	331	73266	
738	  0.172197	 10.753462	   2180.550979	   2180.550979	424952	   2180.551057	   2180.550906	0.0	      0.000000	331	73266	
739	  0.172197	 10.352937	   2180.549803	   2180.549803	425373	   2180.549881	   2180.549730	0.0	      0.000000	331	73266	
740	  0.153064	 20.895998	   2180.545986	   2180.545986	426739	   2180.546064	   2180.545914	0.0	      0.000000	331	73266	
741	  0.172197	 10.157276	   2180.540985	   2180.540985	428529	   2180.541063	   2180.540912	0.0	      0.000000	331	73266	
742	  0.172197	 20.572487	   2180.540102	   2180.540102	428845	   2180.540180	   2180.540030	0.0	      0.000000	331	73266	
743	  0.172197	 11.996487	   2180.538339	   2180.538339	429476	   2180.538417	   2180.538267	0.0	      0.000000	331	73266	
744	  0.172197	 19.997768	   2180.535693	   2180.535693	430423	   2180.535772	   2180.535621	0.0	      0.000000	331	73266	
745	  0.172197	 13.269982	   2180.530108	   2180.530108	432422	   2180.530186	   2180.530035	0.0	      0.000000	331	73266	
746	  0.172197	 24.706869	   2180.526582	   2180.526582	433684	   2180.526660	   2180.526510	0.0	      0.000000	331	73266	
747	  0.172197	 19.373924	   2180.525699	   2180.525699	434000	   2180.525777	   2180.525627	0.0	      0.000000	331	73266	
748	  0.172197	 13.033642	   2180.520114	   2180.520114	435999	   2180.520192	   2180.520041	0.0	      0.000000	331	73266	
749	  0.172197	 11.668388	   2180.519821	   2180.519821	436104	   2180.519899	   2180.519748	0.0	      0.000000	331	73266	
750	  0.172197	 14.344830	   2180.515412	   2180.515412	437682	   2180.515490	   2180.515339	0.0	      0.000000	331	73266	
751	  0.172197	 25.702646	   2180.512766	   2180.512766	438629	   2180.512844	   2180.512693	0.0	      0.000000	331	73266	
752	  0.172197	 25.868023	   2180.508357	   2180.508357	440207	   2180.508435	   2180.508284	0.0	      0.000000	331	73266	
753	  0.172197	 11.787242	   2180.505418	   2180.505418	441259	   2180.505496	   2180.505345	0.0	      0.000000	331	73266	
754	  0.172197	 10.156898	   2180.498070	   2180.498070	443889	   2180.498148	   2180.497997	0.0	      0.000000	331	73266	
755	  0.172197	 27.600285	   2180.497187	   2180.497187	444205	   2180.497265	   2180.497114	0.0	      0.000000	331	73266	
756	  0.172197	 27.055597	   2180.496893	   2180.496893	444310	   2180.496972	   2180.496821	0.0	      0.000000	331	73266	
757	  0.162630	 11.017358	   1928.923949	   1928.923949	308238	   1928.924027	   1928.923877	0.0	      0.000000	417	269572	
758	  0.162630	 11.426946	   1928.923346	   1928.923346	308454	   1928.923424	   1928.923273	0.0	      0.000000	417	269572	
759	  0.133931	 15.593638	   1928.680983	   1928.680983	395199	   1928.681061	   1928.680910	0.0	      0.000000	417	269572	
760	  0.133931	 11.145266	   1928.624584	   1928.624584	415385	   1928.624662	   1928.624511	0.0	      0.000000	417	269572	
761	  0.133931	 15.022343	   1928.608141	   1928.608141	421270	   1928.608220	   1928.608069	0.0	      0.000000	417	269572	
762	  0.153064	 15.829271	   1928.607742	   1928.607742	421413	   1928.607820	   1928.607669	0.0	      0.000000	417	269572	
763	  0.153064	 16.379599	   1928.607541	   1928.607541	421485	   1928.607619	   1928.607468	0.0	      0.000000	417	269572	
764	  0.172197	 11.602900	   1928.589156	   1928.589156	428065	   1928.589235	   1928.589084	0.0	      0.000000	417	269572	
765	  0.162630	 13.893914	   1928.588760	   1928.588760	428207	   1928.588838	   1928.588687	0.0	      0.000000	417	269572	
766	  0.153064	 14.670763	   1928.588380	   1928.588380	428343	   1928.588458	   1928.588307	0.0	      0.000000	417	269572	
767	  0.153064	 21.522278	   1928.458798	   1928.458798	474722	   1928.458877	   1928.458726	0.0	      0.000000	417	269572	
768	  0.172197	 20.084959	   1928.458195	   1928.458195	474938	   1928.458273	   1928.458122	0.0	      0.000000	417	269572	
769	 -0.162630	 10.436848	   1928.449450	   1928.449450	478068	   1928.449528	   1928.449377	0.0	      0.000000	417	269572	
770	  0.133931	 11.652188	   1928.425785	   1928.425785	486538	   1928.425863	   1928.425712	0.0	      0.000000	417	269572	
771	  0.153064	 14.477129	   1928.423186	   1928.423186	487468	   1928.423265	   1928.423114	0.0	      0.000000	417	269572	
772	  0.153064	 11.833619	   1928.420800	   1928.420800	488322	   1928.420879	   1928.420728	0.0	      0.000000	417	269572	
773	  0.133931	 13.495198	   1928.403997	   1928.403997	494336	   1928.404076	   1928.403925	0.0	      0.000000	417	269572	
774	  0.133931	 10.773601	   1928.401198	   1928.401198	495338	   1928.401276	   1928.401125	0.0	      0.000000	417	269572	
775	  0.153064	 12.173244	   1928.197613	   1928.197613	568204	   1928.197691	   1928.197540	0.0	      0.000000	417	269572	
776	  0.162630	 11.490315	   1928.143982	   1928.143982	587399	   1928.144061	   1928.143910	0.0	      0.000000	417	269572	
777	  0.153064	 14.196691	   1928.012141	   1928.012141	634587	   1928.012219	   1928.012068	0.0	      0.000000	417	269572	
778	  0.153064	 13.110683	   1928.011939	   1928.011939	634659	   1928.012018	   1928.011867	0.0	      0.000000	417	269572	
779	  0.172197	 10.504036	   1927.919118	   1927.919118	667881	   1927.919197	   1927.919046	0.0	      0.000000	417	269572	
780	 -0.133931	 12.220309	   1837.534019	   1837.534019	512112	   1837.534098	   1837.533947	0.0	      0.000000	448	1993	
781	  0.172197	 18.816332	   1837.533818	   1837.533818	512184	   1837.533896	   1837.533746	0.0	      0.000000	448	1993	
782	  0.133931	 32.953590	   1774.968351	   1774.968351	885141	   1774.968429	   1774.968278	0.0	      0.000000	469	5258	
783	 -0.181763	 16.368416	   1774.950020	   1774.950020	891702	   1774.950098	   1774.949947	0.0	      0.000000	469	5258	
784	 -0.143497	 11.520191	   1755.468756	   1755.468756	524286	   1755.468834	   1755.468683	0.0	      0.000000	476	126	
785	  0.153064	 11.115101	   1752.539065	   1752.539065	524287	   1752.539144	   1752.538993	0.0	      0.000000	477	197	
786	  0.133931	 11.644814	   1746.679679	   1746.679679	524291	   1746.679757	   1746.679606	0.0	      0.000000	479	198	
787	  0.172197	 14.080626	   1729.101562	   1729.101562	524288	   1729.101641	   1729.101490	0.0	      0.000000	485	467	
788	  0.162630	 58.519070	   1712.517839	   1712.517839	168378	   1712.517917	   1712.517766	0.0	      0.000000	491	9126	
789	 -0.162630	 63.628048	   1712.512686	   1712.512686	170222	   1712.512765	   1712.512614	0.0	      0.000000	491	9126	
790	 -0.172197	 31.976227	   1712.482473	   1712.482473	181036	   1712.482551	   1712.482400	0.0	      0.000000	491	9126	
791	 -0.172197	 18.659439	   1682.226560	   1682.226560	524289	   1682.226638	   1682.226487	0.0	      0.000000	501	1548	
792	 -0.172197	 13.695934	   1681.251814	   1681.251814	873164	   1681.251892	   1681.251742	0.0	      0.000000	501	1548	
793	  0.153064	 18.024078	   1679.296875	   1679.296875	524288	   1679.296953	   1679.296802	0.0	      0.000000	502	599	
794	 -0.162630	 18.243448	   1664.648443	   1664.648443	524286	   1664.648521	   1664.648370	0.0	      0.000000	507	555	
795	 -0.133931	 17.944885	   1661.718756	   1661.718756	524286	   1661.718834	   1661.718683	0.0	      0.000000	508	1553	
796	 -0.181763	 18.809204	   1658.789068	   1658.789068	524286	   1658.789146	   1658.788995	0.0	      0.000000	509	563	
797	  0.172197	 17.830746	   1655.859375	   1655.859375	524288	   1655.859453	   1655.859302	0.0	      0.000000	510	571	
798	 -0.162630	 17.554646	   1652.929685	   1652.929685	524289	   1652.929763	   1652.929612	0.0	      0.000000	511	518	
