# -------------------------- o --------------------------
# File ID: spliced_blc0x1x2x_guppi_59524_16875_ON_S_0032.rawspec.0000.h5 
# -------------------------- o --------------------------
# Source:ON_S
# MJD: 59524.195312500000	RA: 2h39m22.896s	DEC: 60d52m06.96s
# DELTAT:  18.253611	DELTAF(Hz):  -2.793968	max_drift_rate:   0.217136	obs_length: 292.057776
# --------------------------
# Top_Hit_# 	Drift_Rate 	SNR 	Uncorrected_Frequency 	Corrected_Frequency 	Index 	freq_start 	freq_end 	SEFD 	SEFD_freq 	Coarse_Channel_Number 	Full_number_of_hits 	
# --------------------------
001	 -0.181763	 14.161822	   3150.479758	   3150.479758	352576	   3150.479847	   3150.479674	0.0	      0.000000	0	237768	
002	  0.181763	 10.098355	   3150.107724	   3150.107724	485732	   3150.107814	   3150.107640	0.0	      0.000000	0	237768	
003	  0.162630	 15.567575	   3150.002936	   3150.002936	523237	   3150.003026	   3150.002853	0.0	      0.000000	0	237768	
004	 -0.210463	 18.014360	   3150.002570	   3150.002570	523368	   3150.002660	   3150.002487	0.0	      0.000000	0	237768	
005	 -0.181763	 19.778690	   3150.002406	   3150.002406	523427	   3150.002495	   3150.002322	0.0	      0.000000	0	237768	
006	 -0.191330	 22.796379	   3150.002135	   3150.002135	523524	   3150.002224	   3150.002051	0.0	      0.000000	0	237768	
007	 -0.210463	 28.226068	   3150.001791	   3150.001791	523647	   3150.001880	   3150.001707	0.0	      0.000000	0	237768	
008	  0.210463	 28.226070	   3149.998209	   3149.998209	524929	   3149.998298	   3149.998125	0.0	      0.000000	0	237768	
009	  0.191330	 22.796379	   3149.997865	   3149.997865	525052	   3149.997955	   3149.997782	0.0	      0.000000	0	237768	
010	  0.181763	 19.778690	   3149.997594	   3149.997594	525149	   3149.997684	   3149.997511	0.0	      0.000000	0	237768	
011	 -0.162630	 15.567577	   3149.997064	   3149.997064	525339	   3149.997153	   3149.996980	0.0	      0.000000	0	237768	
012	  0.153064	 10.243296	   3149.995650	   3149.995650	525845	   3149.995739	   3149.995566	0.0	      0.000000	0	237768	
013	 -0.181763	 10.098355	   3149.892276	   3149.892276	562844	   3149.892365	   3149.892192	0.0	      0.000000	0	237768	
014	  0.181763	 14.161822	   3149.520242	   3149.520242	696000	   3149.520332	   3149.520158	0.0	      0.000000	0	237768	
015	  0.200896	100.208221	   3141.210890	   3141.210890	524305	   3141.210979	   3141.210806	0.0	      0.000000	3	6527	
016	 -0.200896	136.104904	   3135.351604	   3135.351604	524273	   3135.351694	   3135.351521	0.0	      0.000000	5	6267	
017	 -0.162630	122.867111	   3129.492227	   3129.492227	524274	   3129.492316	   3129.492143	0.0	      0.000000	7	3783	
018	 -0.200896	 99.487305	   3117.773479	   3117.773479	524273	   3117.773569	   3117.773396	0.0	      0.000000	11	3183	
019	  0.162630	 72.156532	   3108.984341	   3108.984341	524300	   3108.984431	   3108.984258	0.0	      0.000000	14	2236	
020	  0.162630	 51.199726	   3103.124961	   3103.124961	524302	   3103.125050	   3103.124877	0.0	      0.000000	16	261	
021	 -0.172197	 51.934814	   3097.265667	   3097.265667	524273	   3097.265756	   3097.265583	0.0	      0.000000	18	1472	
022	  0.191330	 48.488819	   3094.335893	   3094.335893	524304	   3094.335982	   3094.335809	0.0	      0.000000	19	1375	
023	 -0.181763	 45.038666	   3088.476607	   3088.476607	524272	   3088.476697	   3088.476523	0.0	      0.000000	21	355	
024	 -0.172197	 40.625225	   3079.687536	   3079.687536	524275	   3079.687626	   3079.687453	0.0	      0.000000	24	358	
025	 -0.181763	 39.212650	   3076.757857	   3076.757857	524272	   3076.757947	   3076.757773	0.0	      0.000000	25	241	
026	 -0.200896	 39.601669	   3073.828167	   3073.828167	524273	   3073.828256	   3073.828083	0.0	      0.000000	26	285	
027	 -0.191330	 38.169594	   3041.601607	   3041.601607	524272	   3041.601697	   3041.601523	0.0	      0.000000	37	230	
028	  0.181763	 38.403248	   3029.882768	   3029.882768	524304	   3029.882857	   3029.882684	0.0	      0.000000	41	230	
029	 -0.200896	 40.750687	   3012.304729	   3012.304729	524273	   3012.304819	   3012.304646	0.0	      0.000000	47	230	
030	  0.181763	 40.203426	   2991.796830	   2991.796830	524304	   2991.796920	   2991.796746	0.0	      0.000000	54	230	
031	  0.210463	 40.055019	   2988.867143	   2988.867143	524304	   2988.867232	   2988.867059	0.0	      0.000000	55	230	
032	  0.191330	 39.544842	   2985.937455	   2985.937455	524304	   2985.937545	   2985.937371	0.0	      0.000000	56	230	
033	 -0.191330	 40.192699	   2983.007852	   2983.007852	524274	   2983.007941	   2983.007768	0.0	      0.000000	57	751	
034	  0.181763	 40.265450	   2974.218711	   2974.218711	524302	   2974.218800	   2974.218627	0.0	      0.000000	60	238	
035	 -0.210463	 40.225925	   2968.359425	   2968.359425	524270	   2968.359515	   2968.359341	0.0	      0.000000	62	230	
036	  0.210463	 66.516853	   2465.987203	   2465.987203	1023796	   2465.987293	   2465.987119	0.0	      0.000000	233	6993	
037	  0.200896	 66.448868	   2465.986298	   2465.986298	1024120	   2465.986387	   2465.986214	0.0	      0.000000	233	6993	
038	  0.210463	 15.597120	   2465.982074	   2465.982074	1025632	   2465.982163	   2465.981990	0.0	      0.000000	233	6993	
039	  0.210463	 18.920650	   2463.057521	   2463.057521	1023794	   2463.057611	   2463.057438	0.0	      0.000000	234	1438	
040	  0.210463	 21.092123	   2463.056611	   2463.056611	1024120	   2463.056700	   2463.056527	0.0	      0.000000	234	1438	
041	  0.210463	 15.606581	   2442.983565	   2442.983565	868511	   2442.983654	   2442.983481	0.0	      0.000000	241	423	
042	 -0.162630	 25.139389	   2441.049125	   2441.049125	512298	   2441.049214	   2441.049041	0.0	      0.000000	242	61260	
043	 -0.200896	142.285919	   2441.048613	   2441.048613	512481	   2441.048703	   2441.048530	0.0	      0.000000	242	61260	
044	 -0.191330	 17.719698	   2441.048119	   2441.048119	512658	   2441.048208	   2441.048035	0.0	      0.000000	242	61260	
045	 -0.200896	423.463867	   2440.991399	   2440.991399	532959	   2440.991488	   2440.991315	0.0	      0.000000	242	61260	
046	 -0.200896	 12.784760	   2440.990815	   2440.990815	533168	   2440.990904	   2440.990731	0.0	      0.000000	242	61260	
047	  0.210463	 20.282040	   2440.986509	   2440.986509	534709	   2440.986598	   2440.986425	0.0	      0.000000	242	61260	
048	  0.210463	 24.785215	   2440.976442	   2440.976442	538312	   2440.976532	   2440.976359	0.0	      0.000000	242	61260	
049	  0.210463	 24.415510	   2440.960637	   2440.960637	543969	   2440.960726	   2440.960553	0.0	      0.000000	242	61260	
050	  0.200896	 14.974672	   2434.977565	   2434.977565	588242	   2434.977654	   2434.977481	0.0	      0.000000	244	661	
051	  0.181763	 21.581890	   2418.918296	   2418.918296	44622	   2418.918386	   2418.918213	0.0	      0.000000	250	2627	
052	  0.181763	 33.311642	   2418.913496	   2418.913496	46340	   2418.913586	   2418.913412	0.0	      0.000000	250	2627	
053	  0.210463	 30.141228	   2416.017957	   2416.017957	34118	   2416.018046	   2416.017873	0.0	      0.000000	251	26370	
054	  0.172197	226.093735	   2415.988612	   2415.988612	44621	   2415.988701	   2415.988528	0.0	      0.000000	251	26370	
055	  0.181763	322.343445	   2415.983806	   2415.983806	46341	   2415.983895	   2415.983722	0.0	      0.000000	251	26370	
056	  0.210463	 36.151237	   2415.983474	   2415.983474	46460	   2415.983563	   2415.983390	0.0	      0.000000	251	26370	
057	  0.210463	104.167526	   2415.979324	   2415.979324	47945	   2415.979414	   2415.979241	0.0	      0.000000	251	26370	
058	  0.200896	 16.895761	   2415.977229	   2415.977229	48695	   2415.977318	   2415.977145	0.0	      0.000000	251	26370	
059	  0.210463	 20.417929	   2415.968154	   2415.968154	51943	   2415.968244	   2415.968070	0.0	      0.000000	251	26370	
060	  0.181763	 11.295051	   2264.998260	   2264.998260	608797	   2264.998349	   2264.998176	0.0	      0.000000	302	29	
061	 -0.200896	 11.437352	   2247.503663	   2247.503663	578901	   2247.503752	   2247.503579	0.0	      0.000000	308	167597	
062	 -0.210463	 22.473228	   2247.503006	   2247.503006	579136	   2247.503096	   2247.502923	0.0	      0.000000	308	167597	
063	  0.191330	 14.176966	   2247.501148	   2247.501148	579801	   2247.501238	   2247.501065	0.0	      0.000000	308	167597	
064	  0.191330	 12.901912	   2247.495315	   2247.495315	581889	   2247.495404	   2247.495231	0.0	      0.000000	308	167597	
065	 -0.172197	 10.401321	   2247.494965	   2247.494965	582014	   2247.495055	   2247.494882	0.0	      0.000000	308	167597	
066	 -0.181763	 13.409934	   2247.493356	   2247.493356	582590	   2247.493446	   2247.493272	0.0	      0.000000	308	167597	
067	  0.181763	 18.781439	   2247.492778	   2247.492778	582797	   2247.492867	   2247.492694	0.0	      0.000000	308	167597	
068	 -0.191330	 32.098690	   2247.490068	   2247.490068	583767	   2247.490157	   2247.489984	0.0	      0.000000	308	167597	
069	 -0.191330	 21.549236	   2247.488520	   2247.488520	584321	   2247.488609	   2247.488436	0.0	      0.000000	308	167597	
070	 -0.210463	 13.786690	   2247.485399	   2247.485399	585438	   2247.485488	   2247.485315	0.0	      0.000000	308	167597	
071	  0.153064	 13.911021	   2247.485304	   2247.485304	585472	   2247.485393	   2247.485220	0.0	      0.000000	308	167597	
072	 -0.200896	 29.258669	   2247.484563	   2247.484563	585737	   2247.484653	   2247.484480	0.0	      0.000000	308	167597	
073	  0.172197	 14.798343	   2247.483871	   2247.483871	585985	   2247.483960	   2247.483787	0.0	      0.000000	308	167597	
074	  0.210463	 33.513588	   2247.482546	   2247.482546	586459	   2247.482636	   2247.482462	0.0	      0.000000	308	167597	
075	  0.191330	 25.283125	   2247.482334	   2247.482334	586535	   2247.482423	   2247.482250	0.0	      0.000000	308	167597	
076	  0.200896	 29.780085	   2247.481733	   2247.481733	586750	   2247.481823	   2247.481649	0.0	      0.000000	308	167597	
077	 -0.210463	 36.458221	   2247.479886	   2247.479886	587411	   2247.479976	   2247.479803	0.0	      0.000000	308	167597	
078	 -0.181763	133.994461	   2247.478841	   2247.478841	587785	   2247.478931	   2247.478758	0.0	      0.000000	308	167597	
079	  0.191330	161.108200	   2242.511469	   2242.511469	268525	   2242.511558	   2242.511385	0.0	      0.000000	310	10438	
080	  0.210463	112.900673	   2242.511343	   2242.511343	268570	   2242.511432	   2242.511259	0.0	      0.000000	310	10438	
081	  0.200896	 38.915283	   2242.484973	   2242.484973	278008	   2242.485063	   2242.484890	0.0	      0.000000	310	10438	
082	 -0.210463	 29.831919	   2226.573992	   2226.573992	729890	   2226.574082	   2226.573908	0.0	      0.000000	315	2143	
083	  0.162630	 11.806878	   2226.573774	   2226.573774	729968	   2226.573864	   2226.573690	0.0	      0.000000	315	2143	
084	 -0.210463	 13.311267	   2226.422995	   2226.422995	783934	   2226.423084	   2226.422911	0.0	      0.000000	315	2143	
085	 -0.162630	 14.612024	   2226.412059	   2226.412059	787848	   2226.412149	   2226.411976	0.0	      0.000000	315	2143	
086	 -0.200896	 23.762602	   2226.386704	   2226.386704	796923	   2226.386794	   2226.386620	0.0	      0.000000	315	2143	
087	 -0.172197	 23.579428	   2226.386232	   2226.386232	797092	   2226.386321	   2226.386148	0.0	      0.000000	315	2143	
088	 -0.210463	 26.195282	   2226.374955	   2226.374955	801128	   2226.375045	   2226.374872	0.0	      0.000000	315	2143	
089	 -0.191330	 13.731263	   2226.374712	   2226.374712	801215	   2226.374802	   2226.374629	0.0	      0.000000	315	2143	
090	 -0.210463	 10.670334	   2226.362894	   2226.362894	805445	   2226.362983	   2226.362810	0.0	      0.000000	315	2143	
091	 -0.181763	 13.106214	   2226.362304	   2226.362304	805656	   2226.362394	   2226.362221	0.0	      0.000000	315	2143	
092	 -0.200896	 11.659163	   2180.825280	   2180.825280	326776	   2180.825369	   2180.825196	0.0	      0.000000	331	59855	
093	 -0.191330	 11.114584	   2180.805292	   2180.805292	333930	   2180.805381	   2180.805208	0.0	      0.000000	331	59855	
094	 -0.200896	 13.495332	   2180.802352	   2180.802352	334982	   2180.802442	   2180.802269	0.0	      0.000000	331	59855	
095	 -0.191330	 17.319225	   2180.798237	   2180.798237	336455	   2180.798326	   2180.798153	0.0	      0.000000	331	59855	
096	 -0.200896	 16.773706	   2180.793828	   2180.793828	338033	   2180.793917	   2180.793744	0.0	      0.000000	331	59855	
097	 -0.191330	 12.673348	   2180.793535	   2180.793535	338138	   2180.793624	   2180.793451	0.0	      0.000000	331	59855	
098	 -0.200896	 31.044676	   2180.791182	   2180.791182	338980	   2180.791271	   2180.791098	0.0	      0.000000	331	59855	
099	 -0.191330	 15.156074	   2180.788243	   2180.788243	340032	   2180.788332	   2180.788159	0.0	      0.000000	331	59855	
100	 -0.200896	 22.140232	   2180.786773	   2180.786773	340558	   2180.786863	   2180.786689	0.0	      0.000000	331	59855	
101	 -0.191330	 10.298114	   2180.785010	   2180.785010	341189	   2180.785100	   2180.784926	0.0	      0.000000	331	59855	
102	 -0.200896	 10.264727	   2180.782071	   2180.782071	342241	   2180.782160	   2180.781987	0.0	      0.000000	331	59855	
103	 -0.200896	 22.876463	   2180.781188	   2180.781188	342557	   2180.781277	   2180.781104	0.0	      0.000000	331	59855	
104	 -0.191330	 18.727715	   2180.780895	   2180.780895	342662	   2180.780984	   2180.780811	0.0	      0.000000	331	59855	
105	 -0.191330	 20.729937	   2180.777955	   2180.777955	343714	   2180.778045	   2180.777872	0.0	      0.000000	331	59855	
106	 -0.191330	 10.048746	   2180.775016	   2180.775016	344766	   2180.775106	   2180.774932	0.0	      0.000000	331	59855	
107	 -0.191330	 22.978666	   2180.772664	   2180.772664	345608	   2180.772753	   2180.772580	0.0	      0.000000	331	59855	
108	 -0.191330	 31.545874	   2180.772370	   2180.772370	345713	   2180.772460	   2180.772286	0.0	      0.000000	331	59855	
109	 -0.200896	 13.376334	   2180.772077	   2180.772077	345818	   2180.772166	   2180.771993	0.0	      0.000000	331	59855	
110	 -0.200896	 17.034870	   2180.770901	   2180.770901	346239	   2180.770990	   2180.770817	0.0	      0.000000	331	59855	
111	 -0.191330	 15.767256	   2180.767961	   2180.767961	347291	   2180.768051	   2180.767878	0.0	      0.000000	331	59855	
112	 -0.191330	 15.514261	   2180.766492	   2180.766492	347817	   2180.766581	   2180.766408	0.0	      0.000000	331	59855	
113	 -0.200896	 16.102509	   2180.765316	   2180.765316	348238	   2180.765405	   2180.765232	0.0	      0.000000	331	59855	
114	 -0.200896	 15.794323	   2180.763553	   2180.763553	348869	   2180.763642	   2180.763469	0.0	      0.000000	331	59855	
115	 -0.191330	 10.786779	   2180.761493	   2180.761493	349606	   2180.761583	   2180.761410	0.0	      0.000000	331	59855	
116	 -0.191330	 11.263443	   2180.761200	   2180.761200	349711	   2180.761289	   2180.761116	0.0	      0.000000	331	59855	
117	 -0.200896	 25.607721	   2180.759730	   2180.759730	350237	   2180.759820	   2180.759647	0.0	      0.000000	331	59855	
118	 -0.210463	 18.992311	   2180.757381	   2180.757381	351078	   2180.757470	   2180.757297	0.0	      0.000000	331	59855	
119	 -0.191330	 10.657191	   2180.756791	   2180.756791	351289	   2180.756881	   2180.756707	0.0	      0.000000	331	59855	
120	 -0.191330	 11.820315	   2180.756498	   2180.756498	351394	   2180.756587	   2180.756414	0.0	      0.000000	331	59855	
121	 -0.191330	 37.334919	   2180.755321	   2180.755321	351815	   2180.755411	   2180.755238	0.0	      0.000000	331	59855	
122	 -0.200896	 10.398997	   2180.753852	   2180.753852	352341	   2180.753941	   2180.753768	0.0	      0.000000	331	59855	
123	 -0.191330	 10.226995	   2180.752676	   2180.752676	352762	   2180.752765	   2180.752592	0.0	      0.000000	331	59855	
124	 -0.191330	 31.951704	   2180.750030	   2180.750030	353709	   2180.750119	   2180.749946	0.0	      0.000000	331	59855	
125	 -0.200896	 17.780293	   2180.749736	   2180.749736	353814	   2180.749826	   2180.749653	0.0	      0.000000	331	59855	
126	 -0.191330	 15.449831	   2180.749443	   2180.749443	353919	   2180.749532	   2180.749359	0.0	      0.000000	331	59855	
127	 -0.191330	 12.392729	   2180.748267	   2180.748267	354340	   2180.748356	   2180.748183	0.0	      0.000000	331	59855	
128	 -0.200896	 16.235695	   2180.747973	   2180.747973	354445	   2180.748063	   2180.747890	0.0	      0.000000	331	59855	
129	 -0.200896	 14.588755	   2180.747680	   2180.747680	354550	   2180.747769	   2180.747596	0.0	      0.000000	331	59855	
130	 -0.200896	 11.282594	   2180.745327	   2180.745327	355392	   2180.745417	   2180.745244	0.0	      0.000000	331	59855	
131	 -0.191330	 17.864447	   2180.744151	   2180.744151	355813	   2180.744241	   2180.744067	0.0	      0.000000	331	59855	
132	 -0.191330	 12.869024	   2180.742975	   2180.742975	356234	   2180.743064	   2180.742891	0.0	      0.000000	331	59855	
133	 -0.200896	 16.097879	   2180.742682	   2180.742682	356339	   2180.742771	   2180.742598	0.0	      0.000000	331	59855	
134	 -0.200896	 30.758797	   2180.742388	   2180.742388	356444	   2180.742478	   2180.742304	0.0	      0.000000	331	59855	
135	 -0.200896	 13.956450	   2180.741505	   2180.741505	356760	   2180.741595	   2180.741422	0.0	      0.000000	331	59855	
136	 -0.191330	 10.731912	   2180.740625	   2180.740625	357075	   2180.740715	   2180.740541	0.0	      0.000000	331	59855	
137	 -0.200896	 17.335005	   2180.739742	   2180.739742	357391	   2180.739832	   2180.739659	0.0	      0.000000	331	59855	
138	 -0.191330	 13.834182	   2180.739156	   2180.739156	357601	   2180.739245	   2180.739072	0.0	      0.000000	331	59855	
139	 -0.191330	 15.393725	   2180.738273	   2180.738273	357917	   2180.738362	   2180.738189	0.0	      0.000000	331	59855	
140	 -0.191330	 13.833277	   2180.737979	   2180.737979	358022	   2180.738069	   2180.737896	0.0	      0.000000	331	59855	
141	 -0.191330	 48.425167	   2180.737096	   2180.737096	358338	   2180.737186	   2180.737013	0.0	      0.000000	331	59855	
142	 -0.191330	 36.515263	   2180.735627	   2180.735627	358864	   2180.735716	   2180.735543	0.0	      0.000000	331	59855	
143	 -0.191330	 15.812794	   2180.733570	   2180.733570	359600	   2180.733660	   2180.733487	0.0	      0.000000	331	59855	
144	 -0.191330	 39.807854	   2180.732688	   2180.732688	359916	   2180.732777	   2180.732604	0.0	      0.000000	331	59855	
145	 -0.191330	 27.685719	   2180.731511	   2180.731511	360337	   2180.731601	   2180.731427	0.0	      0.000000	331	59855	
146	 -0.191330	 14.969230	   2180.730925	   2180.730925	360547	   2180.731014	   2180.730841	0.0	      0.000000	331	59855	
147	 -0.191330	 21.072113	   2180.730631	   2180.730631	360652	   2180.730721	   2180.730547	0.0	      0.000000	331	59855	
148	 -0.191330	 14.104354	   2180.729748	   2180.729748	360968	   2180.729838	   2180.729664	0.0	      0.000000	331	59855	
149	 -0.191330	 19.148211	   2180.729162	   2180.729162	361178	   2180.729251	   2180.729078	0.0	      0.000000	331	59855	
150	 -0.191330	 14.693028	   2180.727985	   2180.727985	361599	   2180.728075	   2180.727901	0.0	      0.000000	331	59855	
151	 -0.200896	 24.817894	   2180.724753	   2180.724753	362756	   2180.724842	   2180.724669	0.0	      0.000000	331	59855	
152	 -0.200896	 10.442535	   2180.721517	   2180.721517	363914	   2180.721607	   2180.721433	0.0	      0.000000	331	59855	
153	 -0.200896	 44.816017	   2180.721224	   2180.721224	364019	   2180.721313	   2180.721140	0.0	      0.000000	331	59855	
154	 -0.200896	 10.540822	   2180.720931	   2180.720931	364124	   2180.721020	   2180.720847	0.0	      0.000000	331	59855	
155	 -0.200896	 22.552851	   2180.720637	   2180.720637	364229	   2180.720727	   2180.720553	0.0	      0.000000	331	59855	
156	 -0.191330	 13.053633	   2180.720048	   2180.720048	364440	   2180.720137	   2180.719964	0.0	      0.000000	331	59855	
157	 -0.200896	 35.381092	   2180.717108	   2180.717108	365492	   2180.717198	   2180.717025	0.0	      0.000000	331	59855	
158	 -0.200896	 11.369975	   2180.715345	   2180.715345	366123	   2180.715435	   2180.715262	0.0	      0.000000	331	59855	
159	 -0.200896	 16.846729	   2180.711523	   2180.711523	367491	   2180.711613	   2180.711439	0.0	      0.000000	331	59855	
160	 -0.200896	 34.143421	   2180.709467	   2180.709467	368227	   2180.709556	   2180.709383	0.0	      0.000000	331	59855	
161	 -0.200896	 21.350027	   2180.707997	   2180.707997	368753	   2180.708087	   2180.707913	0.0	      0.000000	331	59855	
162	 -0.191330	 19.677269	   2180.706821	   2180.706821	369174	   2180.706910	   2180.706737	0.0	      0.000000	331	59855	
163	 -0.191330	 10.743668	   2180.706528	   2180.706528	369279	   2180.706617	   2180.706444	0.0	      0.000000	331	59855	
164	 -0.191330	 26.474649	   2180.705351	   2180.705351	369700	   2180.705441	   2180.705268	0.0	      0.000000	331	59855	
165	 -0.200896	 60.438877	   2180.702412	   2180.702412	370752	   2180.702502	   2180.702328	0.0	      0.000000	331	59855	
166	 -0.191330	 15.416654	   2180.701236	   2180.701236	371173	   2180.701325	   2180.701152	0.0	      0.000000	331	59855	
167	 -0.200896	 10.761953	   2180.700649	   2180.700649	371383	   2180.700739	   2180.700565	0.0	      0.000000	331	59855	
168	 -0.191330	 35.866043	   2180.699766	   2180.699766	371699	   2180.699856	   2180.699682	0.0	      0.000000	331	59855	
169	 -0.191330	 18.434635	   2180.698297	   2180.698297	372225	   2180.698386	   2180.698213	0.0	      0.000000	331	59855	
170	 -0.191330	 12.055564	   2180.697120	   2180.697120	372646	   2180.697210	   2180.697037	0.0	      0.000000	331	59855	
171	 -0.181763	 13.053350	   2180.695064	   2180.695064	373382	   2180.695153	   2180.694980	0.0	      0.000000	331	59855	
172	 -0.200896	 26.585823	   2180.694181	   2180.694181	373698	   2180.694271	   2180.694097	0.0	      0.000000	331	59855	
173	 -0.172197	 15.314044	   2180.693888	   2180.693888	373803	   2180.693977	   2180.693804	0.0	      0.000000	331	59855	
174	 -0.191330	 16.814674	   2180.686833	   2180.686833	376328	   2180.686922	   2180.686749	0.0	      0.000000	331	59855	
175	 -0.191330	 12.466046	   2180.686540	   2180.686540	376433	   2180.686629	   2180.686456	0.0	      0.000000	331	59855	
176	 -0.191330	 10.971712	   2180.685950	   2180.685950	376644	   2180.686039	   2180.685866	0.0	      0.000000	331	59855	
177	 -0.191330	 13.171197	   2180.685657	   2180.685657	376749	   2180.685746	   2180.685573	0.0	      0.000000	331	59855	
178	 -0.172197	 16.284460	   2180.682424	   2180.682424	377906	   2180.682513	   2180.682340	0.0	      0.000000	331	59855	
179	 -0.200896	 13.332125	   2180.679485	   2180.679485	378958	   2180.679574	   2180.679401	0.0	      0.000000	331	59855	
180	 -0.181763	 11.968693	   2180.676839	   2180.676839	379905	   2180.676928	   2180.676755	0.0	      0.000000	331	59855	
181	 -0.200896	 13.332661	   2180.674193	   2180.674193	380852	   2180.674282	   2180.674109	0.0	      0.000000	331	59855	
182	 -0.191330	 15.267436	   2180.668608	   2180.668608	382851	   2180.668697	   2180.668524	0.0	      0.000000	331	59855	
183	 -0.200896	 20.914616	   2180.665669	   2180.665669	383903	   2180.665758	   2180.665585	0.0	      0.000000	331	59855	
184	 -0.172197	 30.690941	   2180.665375	   2180.665375	384008	   2180.665465	   2180.665291	0.0	      0.000000	331	59855	
185	 -0.181763	 14.535663	   2180.657438	   2180.657438	386849	   2180.657527	   2180.657354	0.0	      0.000000	331	59855	
186	 -0.191330	 13.052142	   2180.645681	   2180.645681	391057	   2180.645770	   2180.645597	0.0	      0.000000	331	59855	
187	 -0.172197	 17.157873	   2180.637156	   2180.637156	394108	   2180.637246	   2180.637072	0.0	      0.000000	331	59855	
188	 -0.191330	 14.582543	   2180.627162	   2180.627162	397685	   2180.627252	   2180.627078	0.0	      0.000000	331	59855	
189	 -0.191330	 11.450747	   2180.625693	   2180.625693	398211	   2180.625782	   2180.625609	0.0	      0.000000	331	59855	
190	 -0.172197	 29.729622	   2180.624223	   2180.624223	398737	   2180.624312	   2180.624139	0.0	      0.000000	331	59855	
191	 -0.191330	 14.263857	   2180.615699	   2180.615699	401788	   2180.615788	   2180.615615	0.0	      0.000000	331	59855	
192	  0.191330	 16.823391	   1837.533718	   1837.533718	512220	   1837.533807	   1837.533634	0.0	      0.000000	448	2037	
193	 -0.200896	 28.610479	   1774.968477	   1774.968477	885096	   1774.968566	   1774.968393	0.0	      0.000000	469	6661	
194	  0.200896	 32.187309	   1712.511248	   1712.511248	170737	   1712.511337	   1712.511164	0.0	      0.000000	491	10658	
195	 -0.181763	 27.871105	   1712.490220	   1712.490220	178263	   1712.490310	   1712.490136	0.0	      0.000000	491	10658	
196	  0.200896	 38.423153	   1712.482456	   1712.482456	181042	   1712.482545	   1712.482372	0.0	      0.000000	491	10658	
