# -------------------------- o --------------------------
# File ID: spliced_blc0x1x2x_guppi_59524_16185_ON_S_0030.rawspec.0000.h5 
# -------------------------- o --------------------------
# Source:ON_S
# MJD: 59524.187326388892	RA: 2h39m23.04s	DEC: 60d52m06.96s
# DELTAT:  18.253611	DELTAF(Hz):  -2.793968	max_drift_rate:   0.216865	obs_length: 292.057776
# --------------------------
# Top_Hit_# 	Drift_Rate 	SNR 	Uncorrected_Frequency 	Corrected_Frequency 	Index 	freq_start 	freq_end 	SEFD 	SEFD_freq 	Coarse_Channel_Number 	Full_number_of_hits 	
# --------------------------
001	  0.181763	 24.834595	   3150.893899	   3150.893899	204349	   3150.893989	   3150.893815	0.0	      0.000000	0	242752	
002	  0.200896	1161.691040	   3150.595920	   3150.595920	311000	   3150.596009	   3150.595836	0.0	      0.000000	0	242752	
003	 -0.181763	 15.415086	   3150.479769	   3150.479769	352572	   3150.479858	   3150.479685	0.0	      0.000000	0	242752	
004	  0.200896	26325.626953	   3150.297949	   3150.297949	417648	   3150.298038	   3150.297865	0.0	      0.000000	0	242752	
005	  0.153064	 17.281696	   3150.168080	   3150.168080	464130	   3150.168169	   3150.167996	0.0	      0.000000	0	242752	
006	 -0.162630	 10.572423	   3150.004149	   3150.004149	522803	   3150.004238	   3150.004065	0.0	      0.000000	0	242752	
007	  0.162630	 13.006394	   3150.003590	   3150.003590	523003	   3150.003680	   3150.003506	0.0	      0.000000	0	242752	
008	  0.210463	 13.355552	   3150.003406	   3150.003406	523069	   3150.003495	   3150.003322	0.0	      0.000000	0	242752	
009	 -0.210463	 13.355552	   3149.996594	   3149.996594	525507	   3149.996684	   3149.996510	0.0	      0.000000	0	242752	
010	 -0.162630	 13.006394	   3149.996410	   3149.996410	525573	   3149.996499	   3149.996326	0.0	      0.000000	0	242752	
011	  0.162630	 10.572423	   3149.995851	   3149.995851	525773	   3149.995940	   3149.995767	0.0	      0.000000	0	242752	
012	 -0.200896	26325.630859	   3149.702051	   3149.702051	630928	   3149.702141	   3149.701967	0.0	      0.000000	0	242752	
013	  0.181763	 15.415086	   3149.520231	   3149.520231	696004	   3149.520320	   3149.520147	0.0	      0.000000	0	242752	
014	 -0.200896	1161.691040	   3149.404080	   3149.404080	737576	   3149.404170	   3149.403996	0.0	      0.000000	0	242752	
015	 -0.181763	 24.834599	   3149.106101	   3149.106101	844227	   3149.106190	   3149.106017	0.0	      0.000000	0	242752	
016	  0.172197	 40.483871	   3144.140617	   3144.140617	524291	   3144.140706	   3144.140533	0.0	      0.000000	2	2393	
017	  0.172197	 45.019909	   3135.351560	   3135.351560	524289	   3135.351649	   3135.351476	0.0	      0.000000	5	5994	
018	  0.210463	 43.395065	   3132.421864	   3132.421864	524292	   3132.421953	   3132.421780	0.0	      0.000000	6	11827	
019	 -0.162630	 40.662334	   3126.562508	   3126.562508	524285	   3126.562598	   3126.562425	0.0	      0.000000	8	3863	
020	  0.162630	 32.679367	   3117.773435	   3117.773435	524289	   3117.773524	   3117.773351	0.0	      0.000000	11	3238	
021	 -0.162630	 21.693451	   3106.054696	   3106.054696	524285	   3106.054785	   3106.054612	0.0	      0.000000	15	434	
022	  0.200896	 15.745257	   3091.406244	   3091.406244	524290	   3091.406334	   3091.406161	0.0	      0.000000	20	262	
023	  0.162630	 14.091909	   3085.546867	   3085.546867	524291	   3085.546956	   3085.546783	0.0	      0.000000	22	232	
024	  0.191330	 13.804123	   3073.828114	   3073.828114	524292	   3073.828203	   3073.828030	0.0	      0.000000	26	280	
025	 -0.162630	 12.951617	   3067.968753	   3067.968753	524287	   3067.968842	   3067.968669	0.0	      0.000000	28	184	
026	 -0.210463	 13.007876	   3059.179699	   3059.179699	524284	   3059.179788	   3059.179615	0.0	      0.000000	31	254	
027	 -0.191330	 13.642838	   3053.320324	   3053.320324	524284	   3053.320413	   3053.320240	0.0	      0.000000	33	234	
028	  0.181763	 12.459440	   3047.460935	   3047.460935	524289	   3047.461024	   3047.460851	0.0	      0.000000	35	189	
029	  0.162630	 12.501465	   3038.671869	   3038.671869	524290	   3038.671959	   3038.671786	0.0	      0.000000	38	203	
030	  0.210463	153.816391	   3025.051171	   3025.051171	156448	   3025.051260	   3025.051087	0.0	      0.000000	43	1640	
031	  0.181763	 13.295716	   3021.093742	   3021.093742	524291	   3021.093831	   3021.093658	0.0	      0.000000	44	230	
032	 -0.181763	 13.650008	   3018.164065	   3018.164065	524287	   3018.164155	   3018.163981	0.0	      0.000000	45	230	
033	  0.210463	 13.511873	   3015.234369	   3015.234369	524290	   3015.234459	   3015.234286	0.0	      0.000000	46	230	
034	 -0.162630	 14.000787	   3003.515628	   3003.515628	524287	   3003.515717	   3003.515544	0.0	      0.000000	50	228	
035	 -0.181763	 14.074834	   2994.726565	   2994.726565	524287	   2994.726655	   2994.726481	0.0	      0.000000	53	233	
036	 -0.172197	 12.951386	   2983.007821	   2983.007821	524285	   2983.007910	   2983.007737	0.0	      0.000000	57	732	
037	 -0.172197	 13.380355	   2974.218753	   2974.218753	524287	   2974.218842	   2974.218669	0.0	      0.000000	60	228	
038	  0.191330	 13.940035	   2971.289054	   2971.289054	524291	   2971.289144	   2971.288970	0.0	      0.000000	61	230	
039	  0.210463	 16.857401	   2774.999986	   2774.999986	524293	   2775.000075	   2774.999902	0.0	      0.000000	128	230	
040	 -0.162630	 11.474689	   2769.140631	   2769.140631	524286	   2769.140720	   2769.140547	0.0	      0.000000	130	138	
041	  0.191330	 11.274470	   2766.210926	   2766.210926	524292	   2766.211016	   2766.210843	0.0	      0.000000	131	138	
042	 -0.181763	 10.785410	   2760.351568	   2760.351568	524286	   2760.351657	   2760.351484	0.0	      0.000000	133	121	
043	  0.172197	 10.723746	   2757.421864	   2757.421864	524292	   2757.421953	   2757.421780	0.0	      0.000000	134	60	
044	  0.200896	 32.933624	   2465.993590	   2465.993590	1021510	   2465.993680	   2465.993506	0.0	      0.000000	233	5072	
045	  0.210463	 53.708820	   2465.987030	   2465.987030	1023858	   2465.987119	   2465.986946	0.0	      0.000000	233	5072	
046	  0.200896	 38.999893	   2465.986108	   2465.986108	1024188	   2465.986197	   2465.986024	0.0	      0.000000	233	5072	
047	  0.210463	 16.957968	   2463.057340	   2463.057340	1023859	   2463.057429	   2463.057256	0.0	      0.000000	234	1037	
048	  0.162630	 13.611839	   2463.056429	   2463.056429	1024185	   2463.056518	   2463.056345	0.0	      0.000000	234	1037	
049	 -0.210463	 12.464523	   2461.989103	   2461.989103	357620	   2461.989192	   2461.989019	0.0	      0.000000	235	92	
050	 -0.181763	 11.577814	   2441.092956	   2441.092956	496610	   2441.093046	   2441.092873	0.0	      0.000000	242	62998	
051	 -0.172197	 18.709400	   2441.049290	   2441.049290	512239	   2441.049379	   2441.049206	0.0	      0.000000	242	62998	
052	 -0.210463	102.280052	   2441.048781	   2441.048781	512421	   2441.048870	   2441.048697	0.0	      0.000000	242	62998	
053	 -0.210463	 16.776297	   2441.048281	   2441.048281	512600	   2441.048370	   2441.048197	0.0	      0.000000	242	62998	
054	 -0.210463	 11.797474	   2440.991915	   2440.991915	532774	   2440.992005	   2440.991832	0.0	      0.000000	242	62998	
055	 -0.210463	609.258301	   2440.991331	   2440.991331	532983	   2440.991421	   2440.991248	0.0	      0.000000	242	62998	
056	 -0.210463	 17.536417	   2440.990753	   2440.990753	533190	   2440.990843	   2440.990669	0.0	      0.000000	242	62998	
057	  0.200896	 13.274007	   2440.989401	   2440.989401	533674	   2440.989490	   2440.989317	0.0	      0.000000	242	62998	
058	 -0.210463	 14.624934	   2440.986719	   2440.986719	534634	   2440.986808	   2440.986635	0.0	      0.000000	242	62998	
059	  0.210463	 18.765615	   2440.986244	   2440.986244	534804	   2440.986333	   2440.986160	0.0	      0.000000	242	62998	
060	  0.200896	 17.598623	   2440.976286	   2440.976286	538368	   2440.976375	   2440.976202	0.0	      0.000000	242	62998	
061	 -0.191330	 46.168430	   2440.965814	   2440.965814	542116	   2440.965904	   2440.965730	0.0	      0.000000	242	62998	
062	 -0.210463	 57.775661	   2418.918310	   2418.918310	44617	   2418.918400	   2418.918226	0.0	      0.000000	250	4094	
063	  0.210463	 32.919796	   2418.913368	   2418.913368	46386	   2418.913457	   2418.913284	0.0	      0.000000	250	4094	
064	  0.172197	 28.167658	   2416.017753	   2416.017753	34191	   2416.017842	   2416.017669	0.0	      0.000000	251	34622	
065	 -0.210463	 21.919182	   2415.989120	   2415.989120	44439	   2415.989210	   2415.989036	0.0	      0.000000	251	34622	
066	 -0.210463	576.781860	   2415.988620	   2415.988620	44618	   2415.988709	   2415.988536	0.0	      0.000000	251	34622	
067	 -0.210463	 17.330006	   2415.988067	   2415.988067	44816	   2415.988156	   2415.987983	0.0	      0.000000	251	34622	
068	  0.191330	354.836243	   2415.983683	   2415.983683	46385	   2415.983772	   2415.983599	0.0	      0.000000	251	34622	
069	 -0.200896	 71.551514	   2415.983362	   2415.983362	46500	   2415.983451	   2415.983278	0.0	      0.000000	251	34622	
070	  0.210463	 33.888447	   2415.981803	   2415.981803	47058	   2415.981892	   2415.981719	0.0	      0.000000	251	34622	
071	  0.210463	134.620132	   2415.981386	   2415.981386	47207	   2415.981476	   2415.981303	0.0	      0.000000	251	34622	
072	  0.153064	 95.815063	   2415.968121	   2415.968121	51955	   2415.968210	   2415.968037	0.0	      0.000000	251	34622	
073	  0.210463	 15.369332	   2347.265578	   2347.265578	524305	   2347.265667	   2347.265494	0.0	      0.000000	274	138	
074	 -0.191330	 21.133524	   2338.476610	   2338.476610	524271	   2338.476699	   2338.476526	0.0	      0.000000	277	264	
075	  0.200896	 20.900890	   2338.476518	   2338.476518	524304	   2338.476607	   2338.476434	0.0	      0.000000	277	264	
076	  0.162630	 20.629814	   2332.617151	   2332.617151	524301	   2332.617241	   2332.617067	0.0	      0.000000	279	138	
077	  0.191330	 24.275036	   2320.898390	   2320.898390	524305	   2320.898479	   2320.898306	0.0	      0.000000	283	225	
078	  0.210463	 83.880096	   2264.997821	   2264.997821	608954	   2264.997910	   2264.997737	0.0	      0.000000	302	2829	
079	 -0.200896	 10.970209	   2247.535827	   2247.535827	567389	   2247.535917	   2247.535743	0.0	      0.000000	308	3	
080	  0.172197	 21.287140	   2242.483928	   2242.483928	278382	   2242.484018	   2242.483845	0.0	      0.000000	310	8915	
081	 -0.200896	 10.983350	   2226.411744	   2226.411744	787961	   2226.411833	   2226.411660	0.0	      0.000000	315	2007	
082	 -0.172197	 13.962489	   2226.387190	   2226.387190	796749	   2226.387280	   2226.387106	0.0	      0.000000	315	2007	
083	 -0.210463	 54.995747	   2226.387042	   2226.387042	796802	   2226.387132	   2226.386958	0.0	      0.000000	315	2007	
084	 -0.210463	 69.508179	   2226.386886	   2226.386886	796858	   2226.386975	   2226.386802	0.0	      0.000000	315	2007	
085	 -0.210463	 69.437538	   2226.386573	   2226.386573	796970	   2226.386662	   2226.386489	0.0	      0.000000	315	2007	
086	 -0.200896	 59.665508	   2226.386414	   2226.386414	797027	   2226.386503	   2226.386330	0.0	      0.000000	315	2007	
087	 -0.172197	 12.791972	   2226.374908	   2226.374908	801145	   2226.374997	   2226.374824	0.0	      0.000000	315	2007	
088	 -0.181763	 18.223879	   2219.259256	   2219.259256	202208	   2219.259346	   2219.259172	0.0	      0.000000	318	12290	
089	  0.210463	 33.172226	   2219.258655	   2219.258655	202423	   2219.258745	   2219.258572	0.0	      0.000000	318	12290	
090	 -0.200896	 22.062201	   2219.258390	   2219.258390	202518	   2219.258479	   2219.258306	0.0	      0.000000	318	12290	
091	  0.181763	 12.626400	   2219.257624	   2219.257624	202792	   2219.257714	   2219.257541	0.0	      0.000000	318	12290	
092	  0.162630	 12.161338	   2187.400774	   2187.400774	70467	   2187.400863	   2187.400690	0.0	      0.000000	329	8647	
093	  0.162630	 22.230238	   2187.393719	   2187.393719	72992	   2187.393808	   2187.393635	0.0	      0.000000	329	8647	
094	  0.162630	 15.698204	   2187.334048	   2187.334048	94349	   2187.334138	   2187.333964	0.0	      0.000000	329	8647	
095	  0.162630	 10.937081	   2187.312591	   2187.312591	102029	   2187.312680	   2187.312507	0.0	      0.000000	329	8647	
096	  0.162630	 13.019315	   2187.249687	   2187.249687	124543	   2187.249777	   2187.249603	0.0	      0.000000	329	8647	
097	  0.162630	 18.286924	   2187.165619	   2187.165619	154632	   2187.165709	   2187.165536	0.0	      0.000000	329	8647	
098	  0.162630	 10.545569	   2187.137400	   2187.137400	164732	   2187.137490	   2187.137317	0.0	      0.000000	329	8647	
099	  0.162630	 15.610459	   2187.131228	   2187.131228	166941	   2187.131318	   2187.131145	0.0	      0.000000	329	8647	
100	  0.162630	 15.086636	   2187.122704	   2187.122704	169992	   2187.122793	   2187.122620	0.0	      0.000000	329	8647	
101	  0.162630	 18.833370	   2187.121528	   2187.121528	170413	   2187.121617	   2187.121444	0.0	      0.000000	329	8647	
102	  0.172197	 16.767662	   2187.111240	   2187.111240	174095	   2187.111330	   2187.111157	0.0	      0.000000	329	8647	
103	  0.162630	 14.566798	   2187.109771	   2187.109771	174621	   2187.109860	   2187.109687	0.0	      0.000000	329	8647	
104	  0.162630	 16.498058	   2187.088607	   2187.088607	182196	   2187.088696	   2187.088523	0.0	      0.000000	329	8647	
105	  0.162630	 12.462637	   2187.077143	   2187.077143	186299	   2187.077232	   2187.077059	0.0	      0.000000	329	8647	
106	  0.181763	 10.900119	   2187.059505	   2187.059505	192612	   2187.059594	   2187.059421	0.0	      0.000000	329	8647	
107	  0.172197	 10.716582	   2187.056272	   2187.056272	193769	   2187.056361	   2187.056188	0.0	      0.000000	329	8647	
108	  0.162630	 10.915018	   2187.047454	   2187.047454	196925	   2187.047544	   2187.047370	0.0	      0.000000	329	8647	
109	  0.162630	 10.784251	   2187.042752	   2187.042752	198608	   2187.042841	   2187.042668	0.0	      0.000000	329	8647	
110	  0.162630	 11.408182	   2187.038636	   2187.038636	200081	   2187.038726	   2187.038553	0.0	      0.000000	329	8647	
111	  0.162630	 10.536461	   2187.025996	   2187.025996	204605	   2187.026086	   2187.025913	0.0	      0.000000	329	8647	
112	  0.162630	 10.306606	   2187.016002	   2187.016002	208182	   2187.016092	   2187.015919	0.0	      0.000000	329	8647	
113	  0.162630	 11.653584	   2187.014826	   2187.014826	208603	   2187.014916	   2187.014742	0.0	      0.000000	329	8647	
114	  0.162630	 10.005084	   2187.003656	   2187.003656	212601	   2187.003745	   2187.003572	0.0	      0.000000	329	8647	
115	  0.162630	 19.990915	   2187.002186	   2187.002186	213127	   2187.002276	   2187.002102	0.0	      0.000000	329	8647	
116	  0.162630	 10.939291	   2186.993955	   2186.993955	216073	   2186.994045	   2186.993871	0.0	      0.000000	329	8647	
117	  0.162630	 10.756910	   2186.987490	   2186.987490	218387	   2186.987579	   2186.987406	0.0	      0.000000	329	8647	
118	  0.153064	 14.130242	   2186.986020	   2186.986020	218913	   2186.986110	   2186.985937	0.0	      0.000000	329	8647	
119	  0.153064	 12.892430	   2186.968089	   2186.968089	225331	   2186.968178	   2186.968005	0.0	      0.000000	329	8647	
120	  0.162630	 12.344034	   2186.964856	   2186.964856	226488	   2186.964945	   2186.964772	0.0	      0.000000	329	8647	
121	  0.162630	 10.024956	   2186.963386	   2186.963386	227014	   2186.963476	   2186.963303	0.0	      0.000000	329	8647	
122	  0.153064	 16.753740	   2186.919588	   2186.919588	242690	   2186.919678	   2186.919504	0.0	      0.000000	329	8647	
123	  0.153064	 14.854671	   2186.915473	   2186.915473	244163	   2186.915562	   2186.915389	0.0	      0.000000	329	8647	
124	  0.153064	 11.786069	   2186.912240	   2186.912240	245320	   2186.912329	   2186.912156	0.0	      0.000000	329	8647	
125	  0.153064	 20.322651	   2186.911653	   2186.911653	245530	   2186.911743	   2186.911570	0.0	      0.000000	329	8647	
126	  0.153064	 11.513263	   2186.901659	   2186.901659	249107	   2186.901749	   2186.901576	0.0	      0.000000	329	8647	
127	  0.153064	 12.468117	   2186.895781	   2186.895781	251211	   2186.895870	   2186.895697	0.0	      0.000000	329	8647	
128	  0.153064	 14.184816	   2186.895191	   2186.895191	251422	   2186.895281	   2186.895107	0.0	      0.000000	329	8647	
129	  0.153064	 14.752374	   2186.889019	   2186.889019	253631	   2186.889109	   2186.888936	0.0	      0.000000	329	8647	
130	  0.153064	 19.297857	   2186.879612	   2186.879612	256998	   2186.879702	   2186.879528	0.0	      0.000000	329	8647	
131	  0.153064	 17.739706	   2186.876380	   2186.876380	258155	   2186.876469	   2186.876296	0.0	      0.000000	329	8647	
132	  0.153064	 11.895397	   2186.870208	   2186.870208	260364	   2186.870297	   2186.870124	0.0	      0.000000	329	8647	
133	  0.153064	 10.335323	   2186.852276	   2186.852276	266782	   2186.852365	   2186.852192	0.0	      0.000000	329	8647	
134	  0.153064	 10.034820	   2186.844634	   2186.844634	269517	   2186.844724	   2186.844551	0.0	      0.000000	329	8647	
135	  0.153064	 14.922836	   2186.829349	   2186.829349	274988	   2186.829438	   2186.829265	0.0	      0.000000	329	8647	
136	  0.153064	 10.506762	   2186.827586	   2186.827586	275619	   2186.827675	   2186.827502	0.0	      0.000000	329	8647	
137	  0.153064	 20.634413	   2186.824940	   2186.824940	276566	   2186.825029	   2186.824856	0.0	      0.000000	329	8647	
138	  0.153064	 23.161940	   2186.822294	   2186.822294	277513	   2186.822383	   2186.822210	0.0	      0.000000	329	8647	
139	  0.162630	 12.011851	   2186.812300	   2186.812300	281090	   2186.812389	   2186.812216	0.0	      0.000000	329	8647	
140	  0.153064	 10.023075	   2186.805538	   2186.805538	283510	   2186.805628	   2186.805455	0.0	      0.000000	329	8647	
141	  0.153064	 16.748878	   2186.766739	   2186.766739	297397	   2186.766828	   2186.766655	0.0	      0.000000	329	8647	
142	  0.153064	 11.892551	   2186.734994	   2186.734994	308759	   2186.735083	   2186.734910	0.0	      0.000000	329	8647	
143	  0.191330	 12.086364	   2186.546870	   2186.546870	376091	   2186.546960	   2186.546786	0.0	      0.000000	329	8647	
144	  0.191330	 10.137139	   2186.535700	   2186.535700	380089	   2186.535789	   2186.535616	0.0	      0.000000	329	8647	
145	  0.191330	 10.458905	   2186.509833	   2186.509833	389347	   2186.509923	   2186.509749	0.0	      0.000000	329	8647	
146	  0.153064	 13.440800	   2181.327364	   2181.327364	147073	   2181.327453	   2181.327280	0.0	      0.000000	331	75646	
147	  0.162630	 14.930488	   2181.317370	   2181.317370	150650	   2181.317459	   2181.317286	0.0	      0.000000	331	75646	
148	  0.153064	 11.525722	   2181.234479	   2181.234479	180318	   2181.234568	   2181.234395	0.0	      0.000000	331	75646	
149	  0.162630	 15.829905	   2181.220076	   2181.220076	185473	   2181.220165	   2181.219992	0.0	      0.000000	331	75646	
150	  0.162630	 15.540877	   2181.217430	   2181.217430	186420	   2181.217519	   2181.217346	0.0	      0.000000	331	75646	
151	  0.153064	 15.086956	   2181.215960	   2181.215960	186946	   2181.216050	   2181.215876	0.0	      0.000000	331	75646	
152	  0.153064	 10.371472	   2181.203320	   2181.203320	191470	   2181.203410	   2181.203236	0.0	      0.000000	331	75646	
153	  0.162630	 10.036254	   2181.183332	   2181.183332	198624	   2181.183422	   2181.183248	0.0	      0.000000	331	75646	
154	  0.153064	 14.615252	   2181.157466	   2181.157466	207882	   2181.157555	   2181.157382	0.0	      0.000000	331	75646	
155	  0.153064	 11.808961	   2181.147472	   2181.147472	211459	   2181.147561	   2181.147388	0.0	      0.000000	331	75646	
156	  0.162630	 13.413132	   2181.110435	   2181.110435	224715	   2181.110524	   2181.110351	0.0	      0.000000	331	75646	
157	  0.153064	 15.226021	   2181.109259	   2181.109259	225136	   2181.109348	   2181.109175	0.0	      0.000000	331	75646	
158	  0.162630	 11.561160	   2181.102204	   2181.102204	227661	   2181.102293	   2181.102120	0.0	      0.000000	331	75646	
159	  0.153064	 10.465427	   2181.073398	   2181.073398	237971	   2181.073487	   2181.073314	0.0	      0.000000	331	75646	
160	  0.162630	 12.885388	   2181.066343	   2181.066343	240496	   2181.066433	   2181.066259	0.0	      0.000000	331	75646	
161	  0.162630	 10.972565	   2181.064874	   2181.064874	241022	   2181.064963	   2181.064790	0.0	      0.000000	331	75646	
162	  0.153064	 13.097719	   2181.054880	   2181.054880	244599	   2181.054969	   2181.054796	0.0	      0.000000	331	75646	
163	  0.153064	 15.661983	   2181.054586	   2181.054586	244704	   2181.054676	   2181.054502	0.0	      0.000000	331	75646	
164	  0.162630	 16.168825	   2181.053117	   2181.053117	245230	   2181.053206	   2181.053033	0.0	      0.000000	331	75646	
165	  0.153064	 14.455302	   2181.036068	   2181.036068	251332	   2181.036157	   2181.035984	0.0	      0.000000	331	75646	
166	  0.162630	 18.227989	   2181.027543	   2181.027543	254383	   2181.027633	   2181.027460	0.0	      0.000000	331	75646	
167	  0.153064	 15.130749	   2181.023428	   2181.023428	255856	   2181.023517	   2181.023344	0.0	      0.000000	331	75646	
168	  0.162630	 15.252312	   2181.020782	   2181.020782	256803	   2181.020871	   2181.020698	0.0	      0.000000	331	75646	
169	  0.153064	 13.451199	   2181.010495	   2181.010495	260485	   2181.010584	   2181.010411	0.0	      0.000000	331	75646	
170	  0.153064	 12.482121	   2181.010201	   2181.010201	260590	   2181.010291	   2181.010117	0.0	      0.000000	331	75646	
171	  0.153064	 29.070105	   2181.006086	   2181.006086	262063	   2181.006175	   2181.006002	0.0	      0.000000	331	75646	
172	  0.153064	 14.922441	   2180.997855	   2180.997855	265009	   2180.997944	   2180.997771	0.0	      0.000000	331	75646	
173	  0.153064	 17.264893	   2180.991976	   2180.991976	267113	   2180.992066	   2180.991892	0.0	      0.000000	331	75646	
174	  0.162630	 13.241961	   2180.986391	   2180.986391	269112	   2180.986480	   2180.986307	0.0	      0.000000	331	75646	
175	  0.162630	 13.463355	   2180.983452	   2180.983452	270164	   2180.983541	   2180.983368	0.0	      0.000000	331	75646	
176	  0.162630	 11.122525	   2180.973458	   2180.973458	273741	   2180.973547	   2180.973374	0.0	      0.000000	331	75646	
177	  0.162630	 11.996723	   2180.971988	   2180.971988	274267	   2180.972078	   2180.971904	0.0	      0.000000	331	75646	
178	  0.162630	 13.642849	   2180.970518	   2180.970518	274793	   2180.970608	   2180.970435	0.0	      0.000000	331	75646	
179	  0.153064	 13.556572	   2180.964933	   2180.964933	276792	   2180.965023	   2180.964850	0.0	      0.000000	331	75646	
180	  0.153064	 20.488092	   2180.963464	   2180.963464	277318	   2180.963553	   2180.963380	0.0	      0.000000	331	75646	
181	  0.162630	 11.998649	   2180.961994	   2180.961994	277844	   2180.962083	   2180.961910	0.0	      0.000000	331	75646	
182	  0.162630	 13.313509	   2180.959642	   2180.959642	278686	   2180.959731	   2180.959558	0.0	      0.000000	331	75646	
183	  0.153064	 18.352262	   2180.959348	   2180.959348	278791	   2180.959438	   2180.959264	0.0	      0.000000	331	75646	
184	  0.162630	 14.850466	   2180.957879	   2180.957879	279317	   2180.957968	   2180.957795	0.0	      0.000000	331	75646	
185	  0.153064	 15.010006	   2180.954939	   2180.954939	280369	   2180.955029	   2180.954855	0.0	      0.000000	331	75646	
186	  0.162630	 12.213428	   2180.953470	   2180.953470	280895	   2180.953559	   2180.953386	0.0	      0.000000	331	75646	
187	  0.162630	 13.565310	   2180.952000	   2180.952000	281421	   2180.952089	   2180.951916	0.0	      0.000000	331	75646	
188	  0.153064	 10.456863	   2180.946415	   2180.946415	283420	   2180.946504	   2180.946331	0.0	      0.000000	331	75646	
189	  0.153064	 15.641088	   2180.945239	   2180.945239	283841	   2180.945328	   2180.945155	0.0	      0.000000	331	75646	
190	  0.153064	 12.626528	   2180.943769	   2180.943769	284367	   2180.943858	   2180.943685	0.0	      0.000000	331	75646	
191	  0.153064	 22.534843	   2180.933482	   2180.933482	288049	   2180.933571	   2180.933398	0.0	      0.000000	331	75646	
192	  0.153064	 10.117539	   2180.930542	   2180.930542	289101	   2180.930632	   2180.930459	0.0	      0.000000	331	75646	
193	  0.153064	 15.386402	   2180.925251	   2180.925251	290995	   2180.925340	   2180.925167	0.0	      0.000000	331	75646	
194	  0.153064	 20.035444	   2180.923781	   2180.923781	291521	   2180.923870	   2180.923697	0.0	      0.000000	331	75646	
195	  0.153064	 17.100279	   2180.913494	   2180.913494	295203	   2180.913583	   2180.913410	0.0	      0.000000	331	75646	
196	  0.162630	 13.404725	   2180.899384	   2180.899384	300253	   2180.899473	   2180.899300	0.0	      0.000000	331	75646	
197	  0.162630	 35.896534	   2180.897914	   2180.897914	300779	   2180.898004	   2180.897831	0.0	      0.000000	331	75646	
198	  0.153064	 11.148995	   2180.893506	   2180.893506	302357	   2180.893595	   2180.893422	0.0	      0.000000	331	75646	
199	  0.162630	 11.327524	   2180.889390	   2180.889390	303830	   2180.889479	   2180.889306	0.0	      0.000000	331	75646	
200	  0.162630	 12.509765	   2180.887920	   2180.887920	304356	   2180.888010	   2180.887837	0.0	      0.000000	331	75646	
201	  0.162630	 12.398005	   2180.882629	   2180.882629	306250	   2180.882718	   2180.882545	0.0	      0.000000	331	75646	
202	  0.153064	 22.198851	   2180.881159	   2180.881159	306776	   2180.881248	   2180.881075	0.0	      0.000000	331	75646	
203	  0.162630	 11.097087	   2180.870872	   2180.870872	310458	   2180.870961	   2180.870788	0.0	      0.000000	331	75646	
204	  0.162630	 13.705482	   2180.868226	   2180.868226	311405	   2180.868315	   2180.868142	0.0	      0.000000	331	75646	
205	  0.153064	 13.785282	   2180.859408	   2180.859408	314561	   2180.859497	   2180.859324	0.0	      0.000000	331	75646	
206	  0.153064	 14.906449	   2180.837950	   2180.837950	322241	   2180.838040	   2180.837866	0.0	      0.000000	331	75646	
207	  0.153064	 20.059954	   2180.791213	   2180.791213	338969	   2180.791302	   2180.791129	0.0	      0.000000	331	75646	
208	  0.153064	 10.147211	   2180.788274	   2180.788274	340021	   2180.788363	   2180.788190	0.0	      0.000000	331	75646	
209	  0.162630	 13.832004	   2180.775634	   2180.775634	344545	   2180.775723	   2180.775550	0.0	      0.000000	331	75646	
210	  0.162630	 14.826551	   2180.772694	   2180.772694	345597	   2180.772784	   2180.772611	0.0	      0.000000	331	75646	
211	  0.153064	 10.668743	   2180.770931	   2180.770931	346228	   2180.771021	   2180.770848	0.0	      0.000000	331	75646	
212	  0.162630	 11.393132	   2180.765346	   2180.765346	348227	   2180.765436	   2180.765262	0.0	      0.000000	331	75646	
213	  0.162630	 10.881399	   2180.749474	   2180.749474	353908	   2180.749563	   2180.749390	0.0	      0.000000	331	75646	
214	  0.162630	 11.963022	   2180.742712	   2180.742712	356328	   2180.742802	   2180.742628	0.0	      0.000000	331	75646	
215	  0.153064	 21.891834	   2180.742419	   2180.742419	356433	   2180.742508	   2180.742335	0.0	      0.000000	331	75646	
216	  0.153064	 12.546965	   2180.739773	   2180.739773	357380	   2180.739862	   2180.739689	0.0	      0.000000	331	75646	
217	  0.153064	 33.782692	   2180.721255	   2180.721255	364008	   2180.721344	   2180.721171	0.0	      0.000000	331	75646	
218	  0.162630	 10.554318	   2180.720078	   2180.720078	364429	   2180.720168	   2180.719995	0.0	      0.000000	331	75646	
219	  0.153064	 10.855235	   2180.710084	   2180.710084	368006	   2180.710174	   2180.710001	0.0	      0.000000	331	75646	
220	  0.162630	 14.524496	   2180.706852	   2180.706852	369163	   2180.706941	   2180.706768	0.0	      0.000000	331	75646	
221	  0.153064	 15.944151	   2180.698327	   2180.698327	372214	   2180.698417	   2180.698244	0.0	      0.000000	331	75646	
222	  0.162630	 10.967124	   2180.693918	   2180.693918	373792	   2180.694008	   2180.693835	0.0	      0.000000	331	75646	
223	  0.153064	 11.548378	   2180.687450	   2180.687450	376107	   2180.687540	   2180.687367	0.0	      0.000000	331	75646	
224	  0.153064	 12.517577	   2180.686864	   2180.686864	376317	   2180.686953	   2180.686780	0.0	      0.000000	331	75646	
225	  0.162630	 11.126360	   2180.682748	   2180.682748	377790	   2180.682838	   2180.682664	0.0	      0.000000	331	75646	
226	  0.162630	 12.342571	   2180.682455	   2180.682455	377895	   2180.682544	   2180.682371	0.0	      0.000000	331	75646	
227	  0.153064	 11.363939	   2180.674224	   2180.674224	380841	   2180.674313	   2180.674140	0.0	      0.000000	331	75646	
228	  0.162630	 12.308870	   2180.653942	   2180.653942	388100	   2180.654032	   2180.653859	0.0	      0.000000	331	75646	
229	  0.153064	 13.405440	   2180.644242	   2180.644242	391572	   2180.644331	   2180.644158	0.0	      0.000000	331	75646	
230	  0.162630	 19.835217	   2180.618375	   2180.618375	400830	   2180.618465	   2180.618291	0.0	      0.000000	331	75646	
231	  0.153064	 12.409215	   2180.614260	   2180.614260	402303	   2180.614349	   2180.614176	0.0	      0.000000	331	75646	
232	  0.153064	 11.464492	   2180.594272	   2180.594272	409457	   2180.594361	   2180.594188	0.0	      0.000000	331	75646	
233	  0.153064	 13.429914	   2180.520198	   2180.520198	435969	   2180.520287	   2180.520114	0.0	      0.000000	331	75646	
234	 -0.210463	 11.683959	   1928.738005	   1928.738005	374790	   1928.738094	   1928.737921	0.0	      0.000000	417	612479	
235	 -0.210463	 12.510166	   1928.737804	   1928.737804	374862	   1928.737893	   1928.737720	0.0	      0.000000	417	612479	
236	 -0.172197	 10.085999	   1928.627423	   1928.627423	414369	   1928.627512	   1928.627339	0.0	      0.000000	417	612479	
237	 -0.172197	 10.494556	   1928.627221	   1928.627221	414441	   1928.627311	   1928.627138	0.0	      0.000000	417	612479	
238	 -0.162630	 10.589509	   1928.627124	   1928.627124	414476	   1928.627213	   1928.627040	0.0	      0.000000	417	612479	
239	 -0.172197	 11.323270	   1928.627023	   1928.627023	414512	   1928.627113	   1928.626939	0.0	      0.000000	417	612479	
240	 -0.172197	 12.175956	   1928.626923	   1928.626923	414548	   1928.627012	   1928.626839	0.0	      0.000000	417	612479	
241	 -0.172197	 13.004734	   1928.626822	   1928.626822	414584	   1928.626911	   1928.626738	0.0	      0.000000	417	612479	
242	 -0.162630	 13.611276	   1928.626523	   1928.626523	414691	   1928.626612	   1928.626439	0.0	      0.000000	417	612479	
243	 -0.172197	 15.876241	   1928.626422	   1928.626422	414727	   1928.626512	   1928.626339	0.0	      0.000000	417	612479	
244	 -0.172197	 17.139423	   1928.626023	   1928.626023	414870	   1928.626112	   1928.625939	0.0	      0.000000	417	612479	
245	 -0.172197	 16.405771	   1928.625922	   1928.625922	414906	   1928.626012	   1928.625838	0.0	      0.000000	417	612479	
246	 -0.172197	 17.154879	   1928.625822	   1928.625822	414942	   1928.625911	   1928.625738	0.0	      0.000000	417	612479	
247	 -0.172197	 18.742634	   1928.625422	   1928.625422	415085	   1928.625512	   1928.625338	0.0	      0.000000	417	612479	
248	 -0.172197	 18.113068	   1928.625023	   1928.625023	415228	   1928.625112	   1928.624939	0.0	      0.000000	417	612479	
249	 -0.162630	 11.140491	   1928.624123	   1928.624123	415550	   1928.624212	   1928.624039	0.0	      0.000000	417	612479	
250	 -0.172197	 11.388583	   1928.624022	   1928.624022	415586	   1928.624112	   1928.623939	0.0	      0.000000	417	612479	
251	 -0.162630	 10.022805	   1928.552223	   1928.552223	441284	   1928.552312	   1928.552139	0.0	      0.000000	417	612479	
252	 -0.172197	 10.573547	   1928.552122	   1928.552122	441320	   1928.552212	   1928.552039	0.0	      0.000000	417	612479	
253	 -0.172197	 10.166856	   1928.552022	   1928.552022	441356	   1928.552111	   1928.551938	0.0	      0.000000	417	612479	
254	 -0.162630	 11.374137	   1928.551723	   1928.551723	441463	   1928.551812	   1928.551639	0.0	      0.000000	417	612479	
255	 -0.162630	 11.005706	   1928.551223	   1928.551223	441642	   1928.551312	   1928.551139	0.0	      0.000000	417	612479	
256	 -0.172197	 20.633556	   1928.476023	   1928.476023	468557	   1928.476113	   1928.475939	0.0	      0.000000	417	612479	
257	 -0.172197	 17.317614	   1928.475624	   1928.475624	468700	   1928.475713	   1928.475540	0.0	      0.000000	417	612479	
258	 -0.172197	 11.549944	   1928.475123	   1928.475123	468879	   1928.475213	   1928.475040	0.0	      0.000000	417	612479	
259	 -0.172197	 12.816368	   1928.475023	   1928.475023	468915	   1928.475112	   1928.474939	0.0	      0.000000	417	612479	
260	 -0.162630	 11.157450	   1928.474623	   1928.474623	469058	   1928.474713	   1928.474540	0.0	      0.000000	417	612479	
261	 -0.162630	 10.855152	   1928.473224	   1928.473224	469559	   1928.473313	   1928.473140	0.0	      0.000000	417	612479	
262	 -0.172197	 11.820431	   1928.473123	   1928.473123	469595	   1928.473212	   1928.473039	0.0	      0.000000	417	612479	
263	 -0.162630	 11.868143	   1928.472723	   1928.472723	469738	   1928.472813	   1928.472640	0.0	      0.000000	417	612479	
264	 -0.162630	 13.105434	   1928.472223	   1928.472223	469917	   1928.472313	   1928.472140	0.0	      0.000000	417	612479	
265	 -0.172197	 12.773863	   1928.472123	   1928.472123	469953	   1928.472212	   1928.472039	0.0	      0.000000	417	612479	
266	 -0.162630	 12.331546	   1928.471824	   1928.471824	470060	   1928.471913	   1928.471740	0.0	      0.000000	417	612479	
267	 -0.172197	 12.887504	   1928.471723	   1928.471723	470096	   1928.471813	   1928.471639	0.0	      0.000000	417	612479	
268	 -0.162630	 12.234412	   1928.471324	   1928.471324	470239	   1928.471413	   1928.471240	0.0	      0.000000	417	612479	
269	 -0.172197	 13.191558	   1928.471223	   1928.471223	470275	   1928.471312	   1928.471139	0.0	      0.000000	417	612479	
270	 -0.162630	 12.102289	   1928.470824	   1928.470824	470418	   1928.470913	   1928.470740	0.0	      0.000000	417	612479	
271	 -0.172197	 12.363487	   1928.470723	   1928.470723	470454	   1928.470812	   1928.470639	0.0	      0.000000	417	612479	
272	 -0.172197	 10.432808	   1928.470323	   1928.470323	470597	   1928.470413	   1928.470240	0.0	      0.000000	417	612479	
273	 -0.172197	 10.545722	   1928.469823	   1928.469823	470776	   1928.469913	   1928.469739	0.0	      0.000000	417	612479	
274	 -0.172197	 10.508783	   1928.469723	   1928.469723	470812	   1928.469812	   1928.469639	0.0	      0.000000	417	612479	
275	 -0.172197	 10.171430	   1928.464423	   1928.464423	472709	   1928.464512	   1928.464339	0.0	      0.000000	417	612479	
276	 -0.162630	 11.493955	   1928.462224	   1928.462224	473496	   1928.462313	   1928.462140	0.0	      0.000000	417	612479	
277	 -0.172197	 12.355539	   1928.461724	   1928.461724	473675	   1928.461813	   1928.461640	0.0	      0.000000	417	612479	
278	 -0.172197	 15.201785	   1928.461223	   1928.461223	473854	   1928.461313	   1928.461140	0.0	      0.000000	417	612479	
279	 -0.172197	 16.418938	   1928.460723	   1928.460723	474033	   1928.460813	   1928.460640	0.0	      0.000000	417	612479	
280	 -0.172197	 20.150616	   1928.460623	   1928.460623	474069	   1928.460712	   1928.460539	0.0	      0.000000	417	612479	
281	 -0.172197	 23.640488	   1928.460223	   1928.460223	474212	   1928.460313	   1928.460139	0.0	      0.000000	417	612479	
282	 -0.162630	 28.785719	   1928.459324	   1928.459324	474534	   1928.459413	   1928.459240	0.0	      0.000000	417	612479	
283	 -0.162630	 32.170387	   1928.458823	   1928.458823	474713	   1928.458913	   1928.458740	0.0	      0.000000	417	612479	
284	 -0.172197	 33.642960	   1928.458622	   1928.458622	474785	   1928.458712	   1928.458538	0.0	      0.000000	417	612479	
285	 -0.172197	 31.685184	   1928.458323	   1928.458323	474892	   1928.458413	   1928.458240	0.0	      0.000000	417	612479	
286	 -0.162630	 27.549437	   1928.457924	   1928.457924	475035	   1928.458013	   1928.457840	0.0	      0.000000	417	612479	
287	 -0.162630	 25.904087	   1928.457424	   1928.457424	475214	   1928.457513	   1928.457340	0.0	      0.000000	417	612479	
288	 -0.172197	 20.284077	   1928.456924	   1928.456924	475393	   1928.457013	   1928.456840	0.0	      0.000000	417	612479	
289	 -0.172197	 18.968889	   1928.456222	   1928.456222	475644	   1928.456312	   1928.456138	0.0	      0.000000	417	612479	
290	 -0.191330	 15.332648	   1928.455026	   1928.455026	476072	   1928.455116	   1928.454943	0.0	      0.000000	417	612479	
291	 -0.162630	 16.243931	   1928.454524	   1928.454524	476252	   1928.454613	   1928.454440	0.0	      0.000000	417	612479	
292	 -0.172197	 18.073372	   1928.453523	   1928.453523	476610	   1928.453613	   1928.453439	0.0	      0.000000	417	612479	
293	 -0.162630	 17.533903	   1928.453124	   1928.453124	476753	   1928.453213	   1928.453040	0.0	      0.000000	417	612479	
294	 -0.172197	 19.199778	   1928.453023	   1928.453023	476789	   1928.453113	   1928.452939	0.0	      0.000000	417	612479	
295	 -0.162630	 18.510303	   1928.452624	   1928.452624	476932	   1928.452713	   1928.452540	0.0	      0.000000	417	612479	
296	 -0.162630	 20.096653	   1928.452124	   1928.452124	477111	   1928.452213	   1928.452040	0.0	      0.000000	417	612479	
297	 -0.162630	 21.031143	   1928.451623	   1928.451623	477290	   1928.451713	   1928.451540	0.0	      0.000000	417	612479	
298	 -0.172197	 22.362349	   1928.451123	   1928.451123	477469	   1928.451213	   1928.451039	0.0	      0.000000	417	612479	
299	 -0.162630	 21.570908	   1928.450724	   1928.450724	477612	   1928.450813	   1928.450640	0.0	      0.000000	417	612479	
300	 -0.162630	 24.699823	   1928.450623	   1928.450623	477648	   1928.450713	   1928.450539	0.0	      0.000000	417	612479	
301	 -0.162630	 24.657562	   1928.450224	   1928.450224	477791	   1928.450313	   1928.450140	0.0	      0.000000	417	612479	
302	 -0.162630	 25.058697	   1928.449723	   1928.449723	477970	   1928.449813	   1928.449640	0.0	      0.000000	417	612479	
303	 -0.172197	 28.442587	   1928.449223	   1928.449223	478149	   1928.449313	   1928.449140	0.0	      0.000000	417	612479	
304	 -0.162630	 27.308084	   1928.448824	   1928.448824	478292	   1928.448913	   1928.448740	0.0	      0.000000	417	612479	
305	 -0.162630	 28.825157	   1928.448723	   1928.448723	478328	   1928.448813	   1928.448639	0.0	      0.000000	417	612479	
306	 -0.162630	 29.039906	   1928.447824	   1928.447824	478650	   1928.447913	   1928.447740	0.0	      0.000000	417	612479	
307	 -0.172197	 27.766476	   1928.447323	   1928.447323	478829	   1928.447413	   1928.447240	0.0	      0.000000	417	612479	
308	 -0.172197	 30.372799	   1928.446323	   1928.446323	479187	   1928.446413	   1928.446239	0.0	      0.000000	417	612479	
309	 -0.162630	 28.890707	   1928.445924	   1928.445924	479330	   1928.446013	   1928.445840	0.0	      0.000000	417	612479	
310	 -0.172197	 26.983381	   1928.444923	   1928.444923	479688	   1928.445013	   1928.444840	0.0	      0.000000	417	612479	
311	 -0.172197	 29.131762	   1928.444423	   1928.444423	479867	   1928.444513	   1928.444340	0.0	      0.000000	417	612479	
312	 -0.162630	 25.415735	   1928.443524	   1928.443524	480189	   1928.443613	   1928.443440	0.0	      0.000000	417	612479	
313	 -0.162630	 26.992197	   1928.443024	   1928.443024	480368	   1928.443113	   1928.442940	0.0	      0.000000	417	612479	
314	 -0.162630	 20.237408	   1928.442124	   1928.442124	480690	   1928.442213	   1928.442040	0.0	      0.000000	417	612479	
315	 -0.162630	 19.358786	   1928.441124	   1928.441124	481048	   1928.441213	   1928.441040	0.0	      0.000000	417	612479	
316	 -0.162630	 21.409250	   1928.440624	   1928.440624	481227	   1928.440713	   1928.440540	0.0	      0.000000	417	612479	
317	 -0.162630	 16.347721	   1928.439724	   1928.439724	481549	   1928.439813	   1928.439640	0.0	      0.000000	417	612479	
318	 -0.172197	 15.821042	   1928.439123	   1928.439123	481764	   1928.439213	   1928.439039	0.0	      0.000000	417	612479	
319	 -0.162630	 14.386888	   1928.438724	   1928.438724	481907	   1928.438813	   1928.438640	0.0	      0.000000	417	612479	
320	 -0.172197	 16.224512	   1928.438623	   1928.438623	481943	   1928.438712	   1928.438539	0.0	      0.000000	417	612479	
321	 -0.172197	 14.247174	   1928.438522	   1928.438522	481979	   1928.438612	   1928.438439	0.0	      0.000000	417	612479	
322	 -0.162630	 13.726842	   1928.438224	   1928.438224	482086	   1928.438313	   1928.438140	0.0	      0.000000	417	612479	
323	 -0.172197	 13.471817	   1928.437623	   1928.437623	482301	   1928.437712	   1928.437539	0.0	      0.000000	417	612479	
324	 -0.172197	 10.411413	   1928.436324	   1928.436324	482766	   1928.436413	   1928.436240	0.0	      0.000000	417	612479	
325	 -0.162630	 10.289363	   1928.436223	   1928.436223	482802	   1928.436312	   1928.436139	0.0	      0.000000	417	612479	
326	 -0.172197	 10.002683	   1928.435824	   1928.435824	482945	   1928.435913	   1928.435740	0.0	      0.000000	417	612479	
327	 -0.172197	 10.443529	   1928.435022	   1928.435022	483232	   1928.435111	   1928.434938	0.0	      0.000000	417	612479	
328	 -0.172197	 12.316997	   1928.432323	   1928.432323	484198	   1928.432412	   1928.432239	0.0	      0.000000	417	612479	
329	 -0.162630	 12.800477	   1928.432024	   1928.432024	484305	   1928.432113	   1928.431940	0.0	      0.000000	417	612479	
330	 -0.162630	 10.935932	   1928.431524	   1928.431524	484484	   1928.431613	   1928.431440	0.0	      0.000000	417	612479	
331	 -0.172197	 12.922071	   1928.431423	   1928.431423	484520	   1928.431512	   1928.431339	0.0	      0.000000	417	612479	
332	 -0.172197	 17.367630	   1928.429423	   1928.429423	485236	   1928.429512	   1928.429339	0.0	      0.000000	417	612479	
333	 -0.172197	 15.839398	   1928.426022	   1928.426022	486453	   1928.426112	   1928.425938	0.0	      0.000000	417	612479	
334	 -0.172197	 12.557269	   1928.425223	   1928.425223	486739	   1928.425313	   1928.425139	0.0	      0.000000	417	612479	
335	 -0.172197	 12.495378	   1928.424223	   1928.424223	487097	   1928.424312	   1928.424139	0.0	      0.000000	417	612479	
336	 -0.172197	 13.022729	   1928.424022	   1928.424022	487169	   1928.424111	   1928.423938	0.0	      0.000000	417	612479	
337	 -0.172197	 14.886099	   1928.423622	   1928.423622	487312	   1928.423712	   1928.423538	0.0	      0.000000	417	612479	
338	 -0.172197	 16.984325	   1928.423223	   1928.423223	487455	   1928.423312	   1928.423139	0.0	      0.000000	417	612479	
339	 -0.191330	 12.731256	   1928.404727	   1928.404727	494075	   1928.404816	   1928.404643	0.0	      0.000000	417	612479	
340	 -0.162630	 17.803917	   1928.404224	   1928.404224	494255	   1928.404313	   1928.404140	0.0	      0.000000	417	612479	
341	 -0.172197	 20.409500	   1928.403724	   1928.403724	494434	   1928.403813	   1928.403640	0.0	      0.000000	417	612479	
342	 -0.172197	 20.622679	   1928.401223	   1928.401223	495329	   1928.401312	   1928.401139	0.0	      0.000000	417	612479	
343	 -0.172197	 17.056543	   1928.400823	   1928.400823	495472	   1928.400913	   1928.400740	0.0	      0.000000	417	612479	
344	 -0.172197	 13.831305	   1928.400323	   1928.400323	495651	   1928.400413	   1928.400240	0.0	      0.000000	417	612479	
345	 -0.162630	 11.705509	   1928.399924	   1928.399924	495794	   1928.400013	   1928.399840	0.0	      0.000000	417	612479	
346	 -0.162630	 11.678522	   1928.399424	   1928.399424	495973	   1928.399513	   1928.399340	0.0	      0.000000	417	612479	
347	 -0.172197	 11.197122	   1928.398924	   1928.398924	496152	   1928.399013	   1928.398840	0.0	      0.000000	417	612479	
348	 -0.162630	 11.222775	   1928.398524	   1928.398524	496295	   1928.398613	   1928.398440	0.0	      0.000000	417	612479	
349	 -0.162630	 12.139410	   1928.398423	   1928.398423	496331	   1928.398513	   1928.398340	0.0	      0.000000	417	612479	
350	 -0.162630	 10.669956	   1928.398024	   1928.398024	496474	   1928.398113	   1928.397940	0.0	      0.000000	417	612479	
351	 -0.162630	 10.906425	   1928.397923	   1928.397923	496510	   1928.398013	   1928.397840	0.0	      0.000000	417	612479	
352	 -0.172197	 10.438787	   1928.385823	   1928.385823	500841	   1928.385912	   1928.385739	0.0	      0.000000	417	612479	
353	 -0.172197	 10.499453	   1928.384423	   1928.384423	501342	   1928.384512	   1928.384339	0.0	      0.000000	417	612479	
354	 -0.162630	 10.134688	   1928.383624	   1928.383624	501628	   1928.383713	   1928.383540	0.0	      0.000000	417	612479	
355	 -0.172197	 10.828412	   1928.383023	   1928.383023	501843	   1928.383113	   1928.382939	0.0	      0.000000	417	612479	
356	 -0.172197	 10.132792	   1928.292823	   1928.292823	534127	   1928.292912	   1928.292739	0.0	      0.000000	417	612479	
357	 -0.162630	 10.445539	   1928.292624	   1928.292624	534198	   1928.292714	   1928.292540	0.0	      0.000000	417	612479	
358	 -0.172197	 10.741712	   1928.292524	   1928.292524	534234	   1928.292613	   1928.292440	0.0	      0.000000	417	612479	
359	 -0.172197	 10.721850	   1928.292423	   1928.292423	534270	   1928.292513	   1928.292339	0.0	      0.000000	417	612479	
360	 -0.162630	 10.896915	   1928.292124	   1928.292124	534377	   1928.292214	   1928.292040	0.0	      0.000000	417	612479	
361	 -0.172197	 11.421680	   1928.292024	   1928.292024	534413	   1928.292113	   1928.291940	0.0	      0.000000	417	612479	
362	 -0.191330	 11.524136	   1928.291627	   1928.291627	534555	   1928.291716	   1928.291543	0.0	      0.000000	417	612479	
363	 -0.162630	 10.795941	   1928.291124	   1928.291124	534735	   1928.291213	   1928.291040	0.0	      0.000000	417	612479	
364	 -0.172197	 10.516800	   1928.290923	   1928.290923	534807	   1928.291012	   1928.290839	0.0	      0.000000	417	612479	
365	 -0.172197	 10.618202	   1928.181324	   1928.181324	574034	   1928.181413	   1928.181240	0.0	      0.000000	417	612479	
366	 -0.172197	 11.031655	   1928.180924	   1928.180924	574177	   1928.181014	   1928.180840	0.0	      0.000000	417	612479	
367	 -0.162630	 11.827747	   1928.180424	   1928.180424	574356	   1928.180514	   1928.180340	0.0	      0.000000	417	612479	
368	 -0.172197	 13.364156	   1928.179823	   1928.179823	574571	   1928.179913	   1928.179740	0.0	      0.000000	417	612479	
369	  0.181763	 12.893744	   1921.550277	   1921.550277	850226	   1921.550367	   1921.550193	0.0	      0.000000	419	369446	
370	 -0.162630	 15.839945	   1819.921881	   1819.921881	524286	   1819.921970	   1819.921797	0.0	      0.000000	454	230	
371	  0.153064	 21.244291	   1811.132804	   1811.132804	524291	   1811.132894	   1811.132720	0.0	      0.000000	457	230	
372	  0.162630	 27.286631	   1802.343744	   1802.343744	524290	   1802.343834	   1802.343661	0.0	      0.000000	460	322	
373	 -0.200896	 29.567633	   1799.414071	   1799.414071	524285	   1799.414160	   1799.413987	0.0	      0.000000	461	839	
374	  0.210463	 32.390491	   1796.484361	   1796.484361	524293	   1796.484450	   1796.484277	0.0	      0.000000	462	322	
375	 -0.172197	 36.823185	   1793.554699	   1793.554699	524284	   1793.554788	   1793.554615	0.0	      0.000000	463	322	
376	  0.191330	 10.165498	   1775.027298	   1775.027298	864043	   1775.027387	   1775.027214	0.0	      0.000000	469	6321	
377	  0.200896	 20.007475	   1774.949782	   1774.949782	891787	   1774.949872	   1774.949698	0.0	      0.000000	469	6321	
378	 -0.172197	 67.542747	   1767.187506	   1767.187506	524286	   1767.187595	   1767.187422	0.0	      0.000000	472	414	
379	 -0.162630	 71.025841	   1761.328131	   1761.328131	524286	   1761.328220	   1761.328047	0.0	      0.000000	474	848	
380	  0.210463	 80.687119	   1752.539054	   1752.539054	524291	   1752.539144	   1752.538970	0.0	      0.000000	477	414	
381	  0.162630	 91.642609	   1737.890614	   1737.890614	524292	   1737.890703	   1737.890530	0.0	      0.000000	482	414	
382	 -0.210463	100.817139	   1732.031264	   1732.031264	524283	   1732.031353	   1732.031180	0.0	      0.000000	484	414	
383	 -0.200896	106.928291	   1726.171883	   1726.171883	524285	   1726.171973	   1726.171800	0.0	      0.000000	486	414	
384	 -0.210463	115.082115	   1720.312508	   1720.312508	524285	   1720.312598	   1720.312425	0.0	      0.000000	488	427	
385	 -0.200896	 64.002625	   1712.512756	   1712.512756	170197	   1712.512846	   1712.512673	0.0	      0.000000	491	10038	
386	 -0.210463	 20.990799	   1712.506040	   1712.506040	172601	   1712.506129	   1712.505956	0.0	      0.000000	491	10038	
387	 -0.200896	119.970520	   1711.523446	   1711.523446	524285	   1711.523535	   1711.523362	0.0	      0.000000	491	10038	
388	  0.162630	123.751305	   1708.593739	   1708.593739	524292	   1708.593828	   1708.593655	0.0	      0.000000	492	414	
389	 -0.200896	 16.358011	   1690.991331	   1690.991331	532983	   1690.991421	   1690.991248	0.0	      0.000000	498	6104	
390	  0.191330	130.845383	   1688.085929	   1688.085929	524291	   1688.086019	   1688.085845	0.0	      0.000000	499	414	
391	  0.181763	127.418571	   1685.156244	   1685.156244	524290	   1685.156334	   1685.156161	0.0	      0.000000	500	415	
392	 -0.172197	134.626312	   1670.507824	   1670.507824	524284	   1670.507913	   1670.507740	0.0	      0.000000	505	414	
393	 -0.210463	 17.516636	   1665.988620	   1665.988620	44618	   1665.988709	   1665.988536	0.0	      0.000000	507	883	
394	 -0.181763	136.488297	   1658.789074	   1658.789074	524284	   1658.789163	   1658.788990	0.0	      0.000000	509	414	
395	  0.181763	130.093216	   1652.929676	   1652.929676	524292	   1652.929766	   1652.929593	0.0	      0.000000	511	414	
