# -------------------------- o --------------------------
# File ID: spliced_blc0x1x2x_guppi_59524_17892_OFF_HD13908_0035.rawspec.0000.h5 
# -------------------------- o --------------------------
# Source:OFF_HD13908
# MJD: 59524.207083333335	RA: 2h18m14.952s	DEC: 65d35m34.44s
# DELTAT:  18.253611	DELTAF(Hz):  -2.793968	max_drift_rate:   0.186943	obs_length: 292.057776
# --------------------------
# Top_Hit_# 	Drift_Rate 	SNR 	Uncorrected_Frequency 	Corrected_Frequency 	Index 	freq_start 	freq_end 	SEFD 	SEFD_freq 	Coarse_Channel_Number 	Full_number_of_hits 	
# --------------------------
001	 -0.143497	 21.969103	   3150.893955	   3150.893955	204329	   3150.894033	   3150.893882	0.0	      0.000000	0	209304	
002	 -0.172197	1046.251831	   3150.595981	   3150.595981	310978	   3150.596059	   3150.595909	0.0	      0.000000	0	209304	
003	 -0.181763	290.485199	   3150.488148	   3150.488148	349573	   3150.488226	   3150.488075	0.0	      0.000000	0	209304	
004	 -0.133931	 15.533765	   3150.479652	   3150.479652	352614	   3150.479730	   3150.479579	0.0	      0.000000	0	209304	
005	 -0.172197	24974.554688	   3150.297999	   3150.297999	417630	   3150.298077	   3150.297926	0.0	      0.000000	0	209304	
006	 -0.181763	 21.923250	   3150.188048	   3150.188048	456983	   3150.188126	   3150.187975	0.0	      0.000000	0	209304	
007	  0.162630	 17.425760	   3150.168133	   3150.168133	464111	   3150.168211	   3150.168060	0.0	      0.000000	0	209304	
008	  0.153064	 14.921531	   3150.147580	   3150.147580	471467	   3150.147658	   3150.147508	0.0	      0.000000	0	209304	
009	 -0.172197	 26.350567	   3150.131981	   3150.131981	477050	   3150.132060	   3150.131909	0.0	      0.000000	0	209304	
010	 -0.143497	 12.341178	   3150.003610	   3150.003610	522996	   3150.003688	   3150.003537	0.0	      0.000000	0	209304	
011	  0.172197	 12.377553	   3150.003532	   3150.003532	523024	   3150.003610	   3150.003459	0.0	      0.000000	0	209304	
012	 -0.143497	 13.238772	   3150.003339	   3150.003339	523093	   3150.003417	   3150.003266	0.0	      0.000000	0	209304	
013	 -0.133931	 13.826963	   3150.003202	   3150.003202	523142	   3150.003280	   3150.003129	0.0	      0.000000	0	209304	
014	 -0.172197	 15.543196	   3150.002892	   3150.002892	523253	   3150.002970	   3150.002819	0.0	      0.000000	0	209304	
015	 -0.181763	 18.612459	   3150.002473	   3150.002473	523403	   3150.002551	   3150.002400	0.0	      0.000000	0	209304	
016	  0.181763	 18.612461	   3149.997527	   3149.997527	525173	   3149.997606	   3149.997455	0.0	      0.000000	0	209304	
017	  0.172197	 15.543199	   3149.997108	   3149.997108	525323	   3149.997186	   3149.997036	0.0	      0.000000	0	209304	
018	  0.133931	 13.826968	   3149.996798	   3149.996798	525434	   3149.996876	   3149.996725	0.0	      0.000000	0	209304	
019	  0.153064	 13.238775	   3149.996661	   3149.996661	525483	   3149.996739	   3149.996589	0.0	      0.000000	0	209304	
020	 -0.172197	 12.377556	   3149.996468	   3149.996468	525552	   3149.996547	   3149.996396	0.0	      0.000000	0	209304	
021	  0.153064	 12.341178	   3149.996390	   3149.996390	525580	   3149.996468	   3149.996318	0.0	      0.000000	0	209304	
022	  0.172197	 26.350573	   3149.868019	   3149.868019	571526	   3149.868097	   3149.867946	0.0	      0.000000	0	209304	
023	 -0.143497	 14.921531	   3149.852420	   3149.852420	577109	   3149.852498	   3149.852347	0.0	      0.000000	0	209304	
024	 -0.162630	 17.425756	   3149.831867	   3149.831867	584465	   3149.831946	   3149.831795	0.0	      0.000000	0	209304	
025	  0.181763	 21.923250	   3149.811952	   3149.811952	591593	   3149.812030	   3149.811879	0.0	      0.000000	0	209304	
026	  0.172197	24974.554688	   3149.702001	   3149.702001	630946	   3149.702079	   3149.701928	0.0	      0.000000	0	209304	
027	  0.133931	 15.533763	   3149.520348	   3149.520348	695962	   3149.520427	   3149.520276	0.0	      0.000000	0	209304	
028	  0.181763	290.485229	   3149.511852	   3149.511852	699003	   3149.511930	   3149.511779	0.0	      0.000000	0	209304	
029	  0.172197	1046.251831	   3149.404019	   3149.404019	737598	   3149.404097	   3149.403946	0.0	      0.000000	0	209304	
030	  0.153064	 21.969103	   3149.106045	   3149.106045	844247	   3149.106123	   3149.105972	0.0	      0.000000	0	209304	
031	  0.153064	 87.482826	   2953.710921	   2953.710921	524294	   2953.710999	   2953.710848	0.0	      0.000000	67	358	
032	 -0.143497	 89.032852	   2950.781272	   2950.781272	524280	   2950.781351	   2950.781200	0.0	      0.000000	68	374	
033	  0.172197	 89.176125	   2947.851537	   2947.851537	524297	   2947.851616	   2947.851465	0.0	      0.000000	69	358	
034	 -0.143497	 88.116188	   2939.062517	   2939.062517	524282	   2939.062595	   2939.062444	0.0	      0.000000	72	776	
035	 -0.162630	 82.749352	   2927.343767	   2927.343767	524282	   2927.343845	   2927.343694	0.0	      0.000000	76	320	
036	  0.133931	 81.554611	   2918.554665	   2918.554665	524296	   2918.554743	   2918.554593	0.0	      0.000000	79	287	
037	 -0.172197	 76.035751	   2906.835963	   2906.835963	524279	   2906.836041	   2906.835890	0.0	      0.000000	83	280	
038	 -0.162630	 69.563049	   2883.398460	   2883.398460	524280	   2883.398538	   2883.398387	0.0	      0.000000	91	292	
039	 -0.143497	 64.954613	   2871.679710	   2871.679710	524280	   2871.679788	   2871.679637	0.0	      0.000000	95	280	
040	  0.181763	 59.816345	   2868.749980	   2868.749980	524295	   2868.750059	   2868.749908	0.0	      0.000000	96	280	
041	  0.162630	 58.838882	   2862.890605	   2862.890605	524295	   2862.890684	   2862.890533	0.0	      0.000000	98	280	
042	 -0.181763	 55.410183	   2854.101582	   2854.101582	524281	   2854.101660	   2854.101509	0.0	      0.000000	101	279	
043	 -0.162630	 53.257870	   2848.242204	   2848.242204	524282	   2848.242282	   2848.242132	0.0	      0.000000	103	240	
044	 -0.133931	 52.979012	   2845.312517	   2845.312517	524282	   2845.312595	   2845.312444	0.0	      0.000000	104	228	
045	  0.133931	 52.673130	   2833.593733	   2833.593733	524294	   2833.593811	   2833.593661	0.0	      0.000000	108	244	
046	  0.181763	 45.803959	   2798.437475	   2798.437475	524297	   2798.437553	   2798.437402	0.0	      0.000000	120	200	
047	  0.153064	 45.727432	   2795.507790	   2795.507790	524296	   2795.507868	   2795.507718	0.0	      0.000000	121	200	
048	 -0.143497	 43.307865	   2786.718770	   2786.718770	524281	   2786.718848	   2786.718697	0.0	      0.000000	124	200	
049	  0.181763	 43.599655	   2780.859350	   2780.859350	524297	   2780.859428	   2780.859277	0.0	      0.000000	126	200	
050	  0.181763	 42.593483	   2465.987471	   2465.987471	1023700	   2465.987550	   2465.987399	0.0	      0.000000	233	4635	
051	  0.153064	 15.630226	   2465.986167	   2465.986167	1024167	   2465.986245	   2465.986094	0.0	      0.000000	233	4635	
052	  0.181763	 16.500219	   2463.064272	   2463.064272	1021378	   2463.064350	   2463.064199	0.0	      0.000000	234	422	
053	  0.162630	 11.612125	   2463.056739	   2463.056739	1024074	   2463.056817	   2463.056666	0.0	      0.000000	234	422	
054	 -0.181763	 19.985300	   2451.960345	   2451.960345	801324	   2451.960424	   2451.960273	0.0	      0.000000	238	255	
055	  0.181763	 72.721458	   2441.048398	   2441.048398	512558	   2441.048476	   2441.048326	0.0	      0.000000	242	52071	
056	  0.181763	 16.222553	   2440.986297	   2440.986297	534785	   2440.986375	   2440.986224	0.0	      0.000000	242	52071	
057	 -0.181763	 17.345974	   2440.985352	   2440.985352	535123	   2440.985431	   2440.985280	0.0	      0.000000	242	52071	
058	 -0.172197	 11.270223	   2440.982494	   2440.982494	536146	   2440.982572	   2440.982421	0.0	      0.000000	242	52071	
059	  0.153064	345.918518	   2440.982039	   2440.982039	536309	   2440.982117	   2440.981966	0.0	      0.000000	242	52071	
060	 -0.133931	 13.343323	   2440.978870	   2440.978870	537443	   2440.978949	   2440.978798	0.0	      0.000000	242	52071	
061	  0.153064	 27.884451	   2440.968401	   2440.968401	541190	   2440.968480	   2440.968329	0.0	      0.000000	242	52071	
062	  0.181763	 26.792402	   2440.968256	   2440.968256	541242	   2440.968334	   2440.968183	0.0	      0.000000	242	52071	
063	  0.181763	 25.450922	   2440.967921	   2440.967921	541362	   2440.967999	   2440.967848	0.0	      0.000000	242	52071	
064	 -0.133931	 12.845081	   2418.931624	   2418.931624	39852	   2418.931702	   2418.931551	0.0	      0.000000	250	1017	
065	 -0.133931	108.958099	   2416.001936	   2416.001936	39852	   2416.002014	   2416.001863	0.0	      0.000000	251	19923	
066	 -0.143497	 17.748972	   2415.989084	   2415.989084	44452	   2415.989162	   2415.989011	0.0	      0.000000	251	19923	
067	  0.181763	 35.549984	   2415.983292	   2415.983292	46525	   2415.983370	   2415.983219	0.0	      0.000000	251	19923	
068	  0.181763	 21.957008	   2347.265625	   2347.265625	524288	   2347.265703	   2347.265552	0.0	      0.000000	274	121	
069	  0.133931	 24.418533	   2344.335938	   2344.335938	524288	   2344.336016	   2344.335865	0.0	      0.000000	275	171	
070	 -0.181763	 28.401344	   2329.687503	   2329.687503	524287	   2329.687581	   2329.687430	0.0	      0.000000	280	200	
071	 -0.172197	 28.557913	   2256.008621	   2256.008621	680586	   2256.008699	   2256.008548	0.0	      0.000000	305	22	
072	  0.133931	 89.719597	   2242.513089	   2242.513089	267945	   2242.513167	   2242.513016	0.0	      0.000000	310	11850	
073	  0.133931	117.132019	   2242.512944	   2242.512944	267997	   2242.513022	   2242.512871	0.0	      0.000000	310	11850	
074	  0.172197	120.508385	   2242.486415	   2242.486415	277492	   2242.486493	   2242.486342	0.0	      0.000000	310	11850	
075	 -0.162630	 14.893564	   2237.494670	   2237.494670	1015531	   2237.494749	   2237.494598	0.0	      0.000000	311	592	
076	 -0.162630	 12.193938	   2235.446675	   2235.446675	699961	   2235.446754	   2235.446603	0.0	      0.000000	312	186	
077	 -0.143497	 10.394499	   2226.412666	   2226.412666	787631	   2226.412744	   2226.412593	0.0	      0.000000	315	15126	
078	  0.172197	 11.588307	   2226.412129	   2226.412129	787823	   2226.412207	   2226.412057	0.0	      0.000000	315	15126	
079	 -0.181763	 17.977262	   2226.411719	   2226.411719	787970	   2226.411797	   2226.411646	0.0	      0.000000	315	15126	
080	 -0.172197	 29.865993	   2226.411355	   2226.411355	788100	   2226.411434	   2226.411283	0.0	      0.000000	315	15126	
081	 -0.181763	 11.211819	   2226.409534	   2226.409534	788752	   2226.409612	   2226.409461	0.0	      0.000000	315	15126	
082	 -0.172197	 14.302208	   2226.386503	   2226.386503	796995	   2226.386581	   2226.386430	0.0	      0.000000	315	15126	
083	 -0.133931	 19.194744	   2226.386338	   2226.386338	797054	   2226.386416	   2226.386265	0.0	      0.000000	315	15126	
084	  0.153064	 15.352843	   2226.386034	   2226.386034	797163	   2226.386112	   2226.385961	0.0	      0.000000	315	15126	
085	 -0.172197	 11.512221	   2226.361704	   2226.361704	805871	   2226.361782	   2226.361631	0.0	      0.000000	315	15126	
086	  0.162630	 10.205683	   2226.361494	   2226.361494	805946	   2226.361572	   2226.361421	0.0	      0.000000	315	15126	
087	 -0.181763	 10.048130	   2226.361039	   2226.361039	806109	   2226.361117	   2226.360966	0.0	      0.000000	315	15126	
088	 -0.162630	 10.597384	   2226.360927	   2226.360927	806149	   2226.361005	   2226.360854	0.0	      0.000000	315	15126	
089	 -0.133931	 10.773290	   2182.957138	   2182.957138	612330	   2182.957217	   2182.957066	0.0	      0.000000	330	138030	
090	 -0.172197	 10.612239	   2181.496963	   2181.496963	86371	   2181.497042	   2181.496891	0.0	      0.000000	331	60791	
091	 -0.172197	 22.701269	   2181.485500	   2181.485500	90474	   2181.485578	   2181.485427	0.0	      0.000000	331	60791	
092	 -0.172197	 22.857038	   2180.537831	   2180.537831	429658	   2180.537909	   2180.537758	0.0	      0.000000	331	60791	
093	 -0.172197	 12.481573	   2180.533715	   2180.533715	431131	   2180.533793	   2180.533643	0.0	      0.000000	331	60791	
094	 -0.172197	 13.591732	   2180.530776	   2180.530776	432183	   2180.530854	   2180.530703	0.0	      0.000000	331	60791	
095	 -0.172197	 16.603287	   2180.525777	   2180.525777	433972	   2180.525856	   2180.525705	0.0	      0.000000	331	60791	
096	 -0.172197	 16.743954	   2180.525191	   2180.525191	434182	   2180.525269	   2180.525118	0.0	      0.000000	331	60791	
097	 -0.172197	 10.389518	   2180.519899	   2180.519899	436076	   2180.519977	   2180.519826	0.0	      0.000000	331	60791	
098	 -0.172197	 31.148773	   2180.516666	   2180.516666	437233	   2180.516745	   2180.516594	0.0	      0.000000	331	60791	
099	 -0.172197	 12.020844	   2180.515490	   2180.515490	437654	   2180.515568	   2180.515417	0.0	      0.000000	331	60791	
100	 -0.172197	 10.022809	   2180.515197	   2180.515197	437759	   2180.515275	   2180.515124	0.0	      0.000000	331	60791	
101	 -0.172197	 11.584030	   2180.512257	   2180.512257	438811	   2180.512336	   2180.512185	0.0	      0.000000	331	60791	
102	 -0.172197	 11.797333	   2180.509318	   2180.509318	439863	   2180.509396	   2180.509246	0.0	      0.000000	331	60791	
103	 -0.172197	 10.391738	   2180.505496	   2180.505496	441231	   2180.505574	   2180.505423	0.0	      0.000000	331	60791	
104	 -0.172197	 10.355047	   2180.499324	   2180.499324	443440	   2180.499402	   2180.499252	0.0	      0.000000	331	60791	
105	 -0.172197	 14.226891	   2180.491093	   2180.491093	446386	   2180.491171	   2180.491021	0.0	      0.000000	331	60791	
106	 -0.162630	 16.102428	   2063.506804	   2063.506804	373654	   2063.506882	   2063.506731	0.0	      0.000000	371	131849	
107	  0.133931	 16.708961	   2063.505343	   2063.505343	374177	   2063.505421	   2063.505270	0.0	      0.000000	371	131849	
108	  0.181763	 14.324648	   2063.504139	   2063.504139	374608	   2063.504217	   2063.504066	0.0	      0.000000	371	131849	
109	 -0.143497	 14.670964	   2063.501141	   2063.501141	375681	   2063.501219	   2063.501068	0.0	      0.000000	371	131849	
110	 -0.181763	 24.293093	   2063.497852	   2063.497852	376858	   2063.497930	   2063.497780	0.0	      0.000000	371	131849	
111	 -0.143497	 12.711871	   2063.495111	   2063.495111	377839	   2063.495190	   2063.495039	0.0	      0.000000	371	131849	
112	 -0.162630	 18.640869	   2063.494969	   2063.494969	377890	   2063.495047	   2063.494896	0.0	      0.000000	371	131849	
113	 -0.143497	 15.861298	   2063.494013	   2063.494013	378232	   2063.494091	   2063.493941	0.0	      0.000000	371	131849	
114	  0.153064	 10.053103	   2063.490945	   2063.490945	379330	   2063.491024	   2063.490873	0.0	      0.000000	371	131849	
115	 -0.143497	 15.795927	   2063.490470	   2063.490470	379500	   2063.490549	   2063.490398	0.0	      0.000000	371	131849	
116	 -0.162630	 12.715889	   2063.489155	   2063.489155	379971	   2063.489233	   2063.489082	0.0	      0.000000	371	131849	
117	 -0.172197	 18.782619	   2063.489018	   2063.489018	380020	   2063.489096	   2063.488945	0.0	      0.000000	371	131849	
118	  0.133931	 15.718079	   2063.487777	   2063.487777	380464	   2063.487855	   2063.487704	0.0	      0.000000	371	131849	
119	 -0.172197	 14.473416	   2063.487132	   2063.487132	380695	   2063.487210	   2063.487059	0.0	      0.000000	371	131849	
120	  0.153064	 22.489838	   2063.485950	   2063.485950	381118	   2063.486028	   2063.485877	0.0	      0.000000	371	131849	
121	 -0.172197	 24.844667	   2063.485816	   2063.485816	381166	   2063.485894	   2063.485743	0.0	      0.000000	371	131849	
122	 -0.143497	 28.581923	   2063.484698	   2063.484698	381566	   2063.484776	   2063.484626	0.0	      0.000000	371	131849	
123	  0.181763	 18.530161	   2063.484103	   2063.484103	381779	   2063.484181	   2063.484030	0.0	      0.000000	371	131849	
124	 -0.143497	 20.425638	   2063.482876	   2063.482876	382218	   2063.482955	   2063.482804	0.0	      0.000000	371	131849	
125	 -0.133931	 16.568689	   2063.481751	   2063.481751	382621	   2063.481829	   2063.481678	0.0	      0.000000	371	131849	
126	 -0.162630	 20.544474	   2063.481334	   2063.481334	382770	   2063.481412	   2063.481262	0.0	      0.000000	371	131849	
127	  0.162630	 17.099192	   2063.480144	   2063.480144	383196	   2063.480222	   2063.480071	0.0	      0.000000	371	131849	
128	 -0.162630	 24.438427	   2063.479848	   2063.479848	383302	   2063.479926	   2063.479775	0.0	      0.000000	371	131849	
129	  0.172197	 16.869234	   2063.478638	   2063.478638	383735	   2063.478716	   2063.478565	0.0	      0.000000	371	131849	
130	 -0.181763	 15.937167	   2063.478501	   2063.478501	383784	   2063.478579	   2063.478428	0.0	      0.000000	371	131849	
131	  0.181763	 22.246367	   2063.476909	   2063.476909	384354	   2063.476987	   2063.476836	0.0	      0.000000	371	131849	
132	 -0.181763	 10.930891	   2063.475162	   2063.475162	384979	   2063.475241	   2063.475090	0.0	      0.000000	371	131849	
133	  0.181763	 10.197131	   2063.475051	   2063.475051	385019	   2063.475129	   2063.474978	0.0	      0.000000	371	131849	
134	  0.133931	 15.555943	   2063.474215	   2063.474215	385318	   2063.474293	   2063.474143	0.0	      0.000000	371	131849	
135	 -0.133931	 10.159980	   2063.473103	   2063.473103	385716	   2063.473181	   2063.473031	0.0	      0.000000	371	131849	
136	  0.153064	 19.083981	   2063.472726	   2063.472726	385851	   2063.472804	   2063.472653	0.0	      0.000000	371	131849	
137	  0.181763	 26.917311	   2063.472209	   2063.472209	386036	   2063.472287	   2063.472136	0.0	      0.000000	371	131849	
138	 -0.181763	 18.167780	   2063.470971	   2063.470971	386479	   2063.471050	   2063.470899	0.0	      0.000000	371	131849	
139	 -0.181763	 10.843186	   2063.470779	   2063.470779	386548	   2063.470857	   2063.470706	0.0	      0.000000	371	131849	
140	  0.181763	 11.363349	   2063.470695	   2063.470695	386578	   2063.470773	   2063.470622	0.0	      0.000000	371	131849	
141	  0.172197	 10.846565	   2063.469077	   2063.469077	387157	   2063.469155	   2063.469004	0.0	      0.000000	371	131849	
142	  0.181763	 12.151830	   2063.468460	   2063.468460	387378	   2063.468538	   2063.468387	0.0	      0.000000	371	131849	
143	 -0.181763	 14.917198	   2063.467929	   2063.467929	387568	   2063.468007	   2063.467856	0.0	      0.000000	371	131849	
144	 -0.143497	 19.078058	   2063.466470	   2063.466470	388090	   2063.466549	   2063.466398	0.0	      0.000000	371	131849	
145	  0.181763	 22.623047	   2063.466283	   2063.466283	388157	   2063.466361	   2063.466210	0.0	      0.000000	371	131849	
146	 -0.181763	 16.914999	   2063.466096	   2063.466096	388224	   2063.466174	   2063.466023	0.0	      0.000000	371	131849	
147	 -0.181763	 11.768685	   2063.466004	   2063.466004	388257	   2063.466082	   2063.465931	0.0	      0.000000	371	131849	
148	  0.181763	 12.795180	   2063.465378	   2063.465378	388481	   2063.465456	   2063.465305	0.0	      0.000000	371	131849	
149	  0.181763	 44.809048	   2063.464802	   2063.464802	388687	   2063.464881	   2063.464730	0.0	      0.000000	371	131849	
150	 -0.172197	 16.308023	   2063.462997	   2063.462997	389333	   2063.463076	   2063.462925	0.0	      0.000000	371	131849	
151	  0.133931	 13.121795	   2063.461366	   2063.461366	389917	   2063.461444	   2063.461293	0.0	      0.000000	371	131849	
152	  0.162630	 16.909979	   2063.460106	   2063.460106	390368	   2063.460184	   2063.460033	0.0	      0.000000	371	131849	
153	 -0.162630	 12.333708	   2063.459164	   2063.459164	390705	   2063.459242	   2063.459091	0.0	      0.000000	371	131849	
154	 -0.181763	 10.006998	   2063.451165	   2063.451165	393568	   2063.451243	   2063.451092	0.0	      0.000000	371	131849	
155	  0.172197	 10.380102	   2063.450687	   2063.450687	393739	   2063.450765	   2063.450615	0.0	      0.000000	371	131849	
156	 -0.162630	 12.211481	   2063.450310	   2063.450310	393874	   2063.450388	   2063.450237	0.0	      0.000000	371	131849	
157	  0.153064	 14.833539	   2063.450215	   2063.450215	393908	   2063.450293	   2063.450142	0.0	      0.000000	371	131849	
158	 -0.181763	 13.888062	   2063.444758	   2063.444758	395861	   2063.444837	   2063.444686	0.0	      0.000000	371	131849	
159	 -0.181763	 14.783500	   2063.443929	   2063.443929	396158	   2063.444007	   2063.443856	0.0	      0.000000	371	131849	
160	 -0.172197	 13.347603	   2063.443825	   2063.443825	396195	   2063.443903	   2063.443753	0.0	      0.000000	371	131849	
161	 -0.181763	 12.745833	   2063.442096	   2063.442096	396814	   2063.442174	   2063.442023	0.0	      0.000000	371	131849	
162	  0.153064	 13.181194	   1928.923156	   1928.923156	308522	   1928.923234	   1928.923083	0.0	      0.000000	417	345042	
163	  0.172197	 17.855370	   1928.421798	   1928.421798	487965	   1928.421876	   1928.421725	0.0	      0.000000	417	345042	
164	  0.162630	 14.462082	   1928.421197	   1928.421197	488180	   1928.421275	   1928.421124	0.0	      0.000000	417	345042	
165	  0.153064	 14.313615	   1928.273963	   1928.273963	540877	   1928.274042	   1928.273891	0.0	      0.000000	417	345042	
166	  0.172197	 14.984701	   1928.198129	   1928.198129	568019	   1928.198208	   1928.198057	0.0	      0.000000	417	345042	
167	  0.162630	 10.559144	   1928.011560	   1928.011560	634795	   1928.011638	   1928.011487	0.0	      0.000000	417	345042	
168	 -0.172197	 10.229925	   1925.183394	   1925.183394	598459	   1925.183472	   1925.183321	0.0	      0.000000	418	326341	
169	 -0.143497	 10.540757	   1925.142705	   1925.142705	613022	   1925.142783	   1925.142632	0.0	      0.000000	418	326341	
170	 -0.143497	 10.232883	   1925.142604	   1925.142604	613058	   1925.142683	   1925.142532	0.0	      0.000000	418	326341	
171	 -0.143497	 10.679690	   1925.142306	   1925.142306	613165	   1925.142384	   1925.142233	0.0	      0.000000	418	326341	
172	 -0.143497	 10.371761	   1925.142205	   1925.142205	613201	   1925.142283	   1925.142132	0.0	      0.000000	418	326341	
173	 -0.143497	 10.506526	   1925.142104	   1925.142104	613237	   1925.142183	   1925.142032	0.0	      0.000000	418	326341	
174	 -0.162630	 10.222647	   1925.142007	   1925.142007	613272	   1925.142085	   1925.141934	0.0	      0.000000	418	326341	
175	 -0.143497	 10.673883	   1925.141906	   1925.141906	613308	   1925.141984	   1925.141833	0.0	      0.000000	418	326341	
176	 -0.143497	 10.977877	   1925.141805	   1925.141805	613344	   1925.141884	   1925.141733	0.0	      0.000000	418	326341	
177	 -0.143497	 11.193110	   1925.141705	   1925.141705	613380	   1925.141783	   1925.141632	0.0	      0.000000	418	326341	
178	 -0.143497	 11.165809	   1925.141604	   1925.141604	613416	   1925.141682	   1925.141532	0.0	      0.000000	418	326341	
179	 -0.162630	 11.322580	   1925.141506	   1925.141506	613451	   1925.141585	   1925.141434	0.0	      0.000000	418	326341	
180	 -0.143497	 11.225331	   1925.141406	   1925.141406	613487	   1925.141484	   1925.141333	0.0	      0.000000	418	326341	
181	 -0.143497	 11.394198	   1925.141305	   1925.141305	613523	   1925.141384	   1925.141233	0.0	      0.000000	418	326341	
182	 -0.143497	 11.494063	   1925.141205	   1925.141205	613559	   1925.141283	   1925.141132	0.0	      0.000000	418	326341	
183	 -0.143497	 10.936575	   1925.141104	   1925.141104	613595	   1925.141182	   1925.141031	0.0	      0.000000	418	326341	
184	 -0.162630	 10.874547	   1925.141006	   1925.141006	613630	   1925.141085	   1925.140934	0.0	      0.000000	418	326341	
185	 -0.143497	 10.890479	   1925.140906	   1925.140906	613666	   1925.140984	   1925.140833	0.0	      0.000000	418	326341	
186	 -0.143497	 11.373260	   1925.140805	   1925.140805	613702	   1925.140883	   1925.140733	0.0	      0.000000	418	326341	
187	 -0.143497	 11.707317	   1925.140705	   1925.140705	613738	   1925.140783	   1925.140632	0.0	      0.000000	418	326341	
188	 -0.143497	 10.796317	   1925.140506	   1925.140506	613809	   1925.140584	   1925.140434	0.0	      0.000000	418	326341	
189	 -0.143497	 11.318893	   1925.140406	   1925.140406	613845	   1925.140484	   1925.140333	0.0	      0.000000	418	326341	
190	 -0.143497	 11.574231	   1925.140305	   1925.140305	613881	   1925.140383	   1925.140232	0.0	      0.000000	418	326341	
191	 -0.143497	 11.251753	   1925.140204	   1925.140204	613917	   1925.140283	   1925.140132	0.0	      0.000000	418	326341	
192	 -0.162630	 10.446335	   1925.140006	   1925.140006	613988	   1925.140084	   1925.139933	0.0	      0.000000	418	326341	
193	 -0.143497	 11.177832	   1925.139906	   1925.139906	614024	   1925.139984	   1925.139833	0.0	      0.000000	418	326341	
194	 -0.143497	 11.248764	   1925.139805	   1925.139805	614060	   1925.139883	   1925.139732	0.0	      0.000000	418	326341	
195	 -0.162630	 11.262233	   1925.139707	   1925.139707	614095	   1925.139785	   1925.139634	0.0	      0.000000	418	326341	
196	 -0.143497	 10.707251	   1925.139506	   1925.139506	614167	   1925.139584	   1925.139433	0.0	      0.000000	418	326341	
197	 -0.143497	 11.166455	   1925.139405	   1925.139405	614203	   1925.139484	   1925.139333	0.0	      0.000000	418	326341	
198	 -0.143497	 10.967650	   1925.139305	   1925.139305	614239	   1925.139383	   1925.139232	0.0	      0.000000	418	326341	
199	 -0.143497	 11.494165	   1925.139204	   1925.139204	614275	   1925.139282	   1925.139132	0.0	      0.000000	418	326341	
200	 -0.162630	 10.624441	   1925.139106	   1925.139106	614310	   1925.139185	   1925.139034	0.0	      0.000000	418	326341	
201	 -0.143497	 10.742964	   1925.139006	   1925.139006	614346	   1925.139084	   1925.138933	0.0	      0.000000	418	326341	
202	 -0.143497	 11.119952	   1925.138905	   1925.138905	614382	   1925.138984	   1925.138833	0.0	      0.000000	418	326341	
203	 -0.143497	 10.495377	   1925.138805	   1925.138805	614418	   1925.138883	   1925.138732	0.0	      0.000000	418	326341	
204	 -0.162630	 10.525755	   1925.138606	   1925.138606	614489	   1925.138685	   1925.138534	0.0	      0.000000	418	326341	
205	 -0.143497	 11.144068	   1925.138506	   1925.138506	614525	   1925.138584	   1925.138433	0.0	      0.000000	418	326341	
206	 -0.143497	 11.138923	   1925.138405	   1925.138405	614561	   1925.138483	   1925.138333	0.0	      0.000000	418	326341	
207	 -0.143497	 10.662375	   1925.138305	   1925.138305	614597	   1925.138383	   1925.138232	0.0	      0.000000	418	326341	
208	 -0.143497	 10.819036	   1925.138006	   1925.138006	614704	   1925.138084	   1925.137933	0.0	      0.000000	418	326341	
209	 -0.143497	 10.346300	   1925.137905	   1925.137905	614740	   1925.137983	   1925.137832	0.0	      0.000000	418	326341	
210	 -0.143497	 10.047176	   1925.137505	   1925.137505	614883	   1925.137584	   1925.137433	0.0	      0.000000	418	326341	
211	 -0.143497	 10.177545	   1925.068405	   1925.068405	639615	   1925.068483	   1925.068332	0.0	      0.000000	418	326341	
212	 -0.143497	 10.144020	   1925.067905	   1925.067905	639794	   1925.067983	   1925.067832	0.0	      0.000000	418	326341	
213	 -0.143497	 10.342449	   1925.067707	   1925.067707	639865	   1925.067785	   1925.067634	0.0	      0.000000	418	326341	
214	 -0.143497	 11.170852	   1925.067606	   1925.067606	639901	   1925.067684	   1925.067533	0.0	      0.000000	418	326341	
215	 -0.143497	 11.239839	   1925.067505	   1925.067505	639937	   1925.067584	   1925.067433	0.0	      0.000000	418	326341	
216	 -0.143497	 10.609275	   1925.067405	   1925.067405	639973	   1925.067483	   1925.067332	0.0	      0.000000	418	326341	
217	 -0.162630	 10.797187	   1925.067307	   1925.067307	640008	   1925.067385	   1925.067234	0.0	      0.000000	418	326341	
218	 -0.162630	 11.022313	   1925.067206	   1925.067206	640044	   1925.067285	   1925.067134	0.0	      0.000000	418	326341	
219	 -0.143497	 11.113881	   1925.067106	   1925.067106	640080	   1925.067184	   1925.067033	0.0	      0.000000	418	326341	
220	 -0.143497	 10.928582	   1925.067005	   1925.067005	640116	   1925.067084	   1925.066933	0.0	      0.000000	418	326341	
221	 -0.143497	 11.563611	   1925.066905	   1925.066905	640152	   1925.066983	   1925.066832	0.0	      0.000000	418	326341	
222	 -0.162630	 11.465118	   1925.066706	   1925.066706	640223	   1925.066785	   1925.066634	0.0	      0.000000	418	326341	
223	 -0.143497	 11.861530	   1925.066606	   1925.066606	640259	   1925.066684	   1925.066533	0.0	      0.000000	418	326341	
224	 -0.143497	 11.554399	   1925.066505	   1925.066505	640295	   1925.066583	   1925.066433	0.0	      0.000000	418	326341	
225	 -0.162630	 12.137492	   1925.066307	   1925.066307	640366	   1925.066385	   1925.066234	0.0	      0.000000	418	326341	
226	 -0.143497	 11.420609	   1925.066206	   1925.066206	640402	   1925.066284	   1925.066134	0.0	      0.000000	418	326341	
227	 -0.143497	 12.148608	   1925.066106	   1925.066106	640438	   1925.066184	   1925.066033	0.0	      0.000000	418	326341	
228	 -0.143497	 13.282000	   1925.066005	   1925.066005	640474	   1925.066083	   1925.065932	0.0	      0.000000	418	326341	
229	 -0.162630	 11.587498	   1925.065907	   1925.065907	640509	   1925.065986	   1925.065835	0.0	      0.000000	418	326341	
230	 -0.162630	 11.651540	   1925.065807	   1925.065807	640545	   1925.065885	   1925.065734	0.0	      0.000000	418	326341	
231	 -0.143497	 11.948491	   1925.065706	   1925.065706	640581	   1925.065784	   1925.065633	0.0	      0.000000	418	326341	
232	 -0.143497	 12.946107	   1925.065606	   1925.065606	640617	   1925.065684	   1925.065533	0.0	      0.000000	418	326341	
233	 -0.143497	 13.122972	   1925.065505	   1925.065505	640653	   1925.065583	   1925.065432	0.0	      0.000000	418	326341	
234	 -0.162630	 11.967815	   1925.065407	   1925.065407	640688	   1925.065485	   1925.065335	0.0	      0.000000	418	326341	
235	 -0.143497	 12.681070	   1925.065206	   1925.065206	640760	   1925.065284	   1925.065133	0.0	      0.000000	418	326341	
236	 -0.143497	 12.645418	   1925.065105	   1925.065105	640796	   1925.065184	   1925.065033	0.0	      0.000000	418	326341	
237	 -0.143497	 12.666293	   1925.065005	   1925.065005	640832	   1925.065083	   1925.064932	0.0	      0.000000	418	326341	
238	 -0.162630	 11.313077	   1925.064806	   1925.064806	640903	   1925.064885	   1925.064734	0.0	      0.000000	418	326341	
239	 -0.143497	 12.709264	   1925.064706	   1925.064706	640939	   1925.064784	   1925.064633	0.0	      0.000000	418	326341	
240	 -0.143497	 12.354728	   1925.064605	   1925.064605	640975	   1925.064684	   1925.064533	0.0	      0.000000	418	326341	
241	 -0.143497	 12.206395	   1925.064505	   1925.064505	641011	   1925.064583	   1925.064432	0.0	      0.000000	418	326341	
242	 -0.162630	 12.299980	   1925.064306	   1925.064306	641082	   1925.064385	   1925.064234	0.0	      0.000000	418	326341	
243	 -0.143497	 11.901338	   1925.064206	   1925.064206	641118	   1925.064284	   1925.064133	0.0	      0.000000	418	326341	
244	 -0.143497	 11.672454	   1925.064105	   1925.064105	641154	   1925.064183	   1925.064033	0.0	      0.000000	418	326341	
245	 -0.143497	 11.949329	   1925.064005	   1925.064005	641190	   1925.064083	   1925.063932	0.0	      0.000000	418	326341	
246	 -0.143497	 11.329265	   1925.063806	   1925.063806	641261	   1925.063884	   1925.063734	0.0	      0.000000	418	326341	
247	 -0.143497	 12.653409	   1925.063706	   1925.063706	641297	   1925.063784	   1925.063633	0.0	      0.000000	418	326341	
248	 -0.143497	 12.438930	   1925.063605	   1925.063605	641333	   1925.063683	   1925.063532	0.0	      0.000000	418	326341	
249	 -0.143497	 11.957044	   1925.063504	   1925.063504	641369	   1925.063583	   1925.063432	0.0	      0.000000	418	326341	
250	 -0.143497	 11.865140	   1925.063306	   1925.063306	641440	   1925.063384	   1925.063233	0.0	      0.000000	418	326341	
251	 -0.143497	 11.647826	   1925.063206	   1925.063206	641476	   1925.063284	   1925.063133	0.0	      0.000000	418	326341	
252	 -0.143497	 12.559940	   1925.063105	   1925.063105	641512	   1925.063183	   1925.063032	0.0	      0.000000	418	326341	
253	 -0.143497	 11.636076	   1925.062907	   1925.062907	641583	   1925.062985	   1925.062834	0.0	      0.000000	418	326341	
254	 -0.143497	 11.158318	   1925.062806	   1925.062806	641619	   1925.062884	   1925.062733	0.0	      0.000000	418	326341	
255	 -0.143497	 12.630221	   1925.062705	   1925.062705	641655	   1925.062784	   1925.062633	0.0	      0.000000	418	326341	
256	 -0.143497	 11.162247	   1925.062605	   1925.062605	641691	   1925.062683	   1925.062532	0.0	      0.000000	418	326341	
257	 -0.162630	 11.007358	   1925.062507	   1925.062507	641726	   1925.062585	   1925.062434	0.0	      0.000000	418	326341	
258	 -0.162630	 10.435524	   1925.062406	   1925.062406	641762	   1925.062485	   1925.062334	0.0	      0.000000	418	326341	
259	 -0.143497	 10.439240	   1925.062306	   1925.062306	641798	   1925.062384	   1925.062233	0.0	      0.000000	418	326341	
260	 -0.143497	 10.880774	   1925.062205	   1925.062205	641834	   1925.062284	   1925.062133	0.0	      0.000000	418	326341	
261	 -0.143497	 10.933211	   1925.062105	   1925.062105	641870	   1925.062183	   1925.062032	0.0	      0.000000	418	326341	
262	 -0.162630	 10.094921	   1925.062007	   1925.062007	641905	   1925.062085	   1925.061934	0.0	      0.000000	418	326341	
263	 -0.143497	 10.580093	   1925.061906	   1925.061906	641941	   1925.061985	   1925.061834	0.0	      0.000000	418	326341	
264	 -0.143497	 10.467287	   1925.061806	   1925.061806	641977	   1925.061884	   1925.061733	0.0	      0.000000	418	326341	
265	 -0.143497	 11.108396	   1925.061705	   1925.061705	642013	   1925.061783	   1925.061633	0.0	      0.000000	418	326341	
266	 -0.143497	 10.536747	   1925.061605	   1925.061605	642049	   1925.061683	   1925.061532	0.0	      0.000000	418	326341	
267	 -0.181763	 10.298306	   1925.061496	   1925.061496	642088	   1925.061574	   1925.061423	0.0	      0.000000	418	326341	
268	 -0.143497	 10.724363	   1925.061406	   1925.061406	642120	   1925.061484	   1925.061334	0.0	      0.000000	418	326341	
269	 -0.143497	 10.880108	   1925.061306	   1925.061306	642156	   1925.061384	   1925.061233	0.0	      0.000000	418	326341	
270	 -0.172197	 10.273751	   1925.061194	   1925.061194	642196	   1925.061272	   1925.061121	0.0	      0.000000	418	326341	
271	 -0.172197	 11.090878	   1925.061093	   1925.061093	642232	   1925.061172	   1925.061021	0.0	      0.000000	418	326341	
272	 -0.181763	 11.390626	   1925.060995	   1925.060995	642267	   1925.061074	   1925.060923	0.0	      0.000000	418	326341	
273	 -0.181763	 11.180940	   1925.060895	   1925.060895	642303	   1925.060973	   1925.060822	0.0	      0.000000	418	326341	
274	 -0.181763	 11.403179	   1925.060794	   1925.060794	642339	   1925.060873	   1925.060722	0.0	      0.000000	418	326341	
275	 -0.172197	 11.900144	   1925.060694	   1925.060694	642375	   1925.060772	   1925.060621	0.0	      0.000000	418	326341	
276	 -0.172197	 11.550788	   1925.060593	   1925.060593	642411	   1925.060671	   1925.060521	0.0	      0.000000	418	326341	
277	 -0.181763	 12.119010	   1925.060495	   1925.060495	642446	   1925.060574	   1925.060423	0.0	      0.000000	418	326341	
278	 -0.181763	 11.932646	   1925.060395	   1925.060395	642482	   1925.060473	   1925.060322	0.0	      0.000000	418	326341	
279	 -0.172197	 12.238553	   1925.060294	   1925.060294	642518	   1925.060372	   1925.060222	0.0	      0.000000	418	326341	
280	 -0.172197	 13.194338	   1925.060194	   1925.060194	642554	   1925.060272	   1925.060121	0.0	      0.000000	418	326341	
281	 -0.181763	 12.402078	   1925.060096	   1925.060096	642589	   1925.060174	   1925.060023	0.0	      0.000000	418	326341	
282	 -0.181763	 13.316924	   1925.059995	   1925.059995	642625	   1925.060073	   1925.059923	0.0	      0.000000	418	326341	
283	 -0.181763	 12.352695	   1925.059895	   1925.059895	642661	   1925.059973	   1925.059822	0.0	      0.000000	418	326341	
284	 -0.172197	 12.572597	   1925.059794	   1925.059794	642697	   1925.059872	   1925.059721	0.0	      0.000000	418	326341	
285	 -0.172197	 13.275547	   1925.059693	   1925.059693	642733	   1925.059772	   1925.059621	0.0	      0.000000	418	326341	
286	 -0.181763	 13.610435	   1925.059596	   1925.059596	642768	   1925.059674	   1925.059523	0.0	      0.000000	418	326341	
287	 -0.181763	 13.260122	   1925.059495	   1925.059495	642804	   1925.059573	   1925.059422	0.0	      0.000000	418	326341	
288	 -0.181763	 12.878488	   1925.059395	   1925.059395	642840	   1925.059473	   1925.059322	0.0	      0.000000	418	326341	
289	 -0.172197	 14.090652	   1925.059294	   1925.059294	642876	   1925.059372	   1925.059221	0.0	      0.000000	418	326341	
290	 -0.172197	 13.785975	   1925.059193	   1925.059193	642912	   1925.059272	   1925.059121	0.0	      0.000000	418	326341	
291	 -0.181763	 13.162487	   1925.059096	   1925.059096	642947	   1925.059174	   1925.059023	0.0	      0.000000	418	326341	
292	 -0.181763	 13.666149	   1925.058995	   1925.058995	642983	   1925.059073	   1925.058922	0.0	      0.000000	418	326341	
293	 -0.181763	 13.258972	   1925.058894	   1925.058894	643019	   1925.058973	   1925.058822	0.0	      0.000000	418	326341	
294	 -0.172197	 14.758420	   1925.058794	   1925.058794	643055	   1925.058872	   1925.058721	0.0	      0.000000	418	326341	
295	 -0.172197	 14.179197	   1925.058693	   1925.058693	643091	   1925.058771	   1925.058621	0.0	      0.000000	418	326341	
296	 -0.181763	 14.359981	   1925.058595	   1925.058595	643126	   1925.058674	   1925.058523	0.0	      0.000000	418	326341	
297	 -0.181763	 13.887807	   1925.058495	   1925.058495	643162	   1925.058573	   1925.058422	0.0	      0.000000	418	326341	
298	 -0.172197	 13.256766	   1925.058394	   1925.058394	643198	   1925.058473	   1925.058322	0.0	      0.000000	418	326341	
299	 -0.172197	 13.831397	   1925.058294	   1925.058294	643234	   1925.058372	   1925.058221	0.0	      0.000000	418	326341	
300	 -0.181763	 13.809265	   1925.058196	   1925.058196	643269	   1925.058274	   1925.058123	0.0	      0.000000	418	326341	
301	 -0.181763	 13.396651	   1925.058095	   1925.058095	643305	   1925.058174	   1925.058023	0.0	      0.000000	418	326341	
302	 -0.181763	 13.660338	   1925.057995	   1925.057995	643341	   1925.058073	   1925.057922	0.0	      0.000000	418	326341	
303	 -0.172197	 13.312267	   1925.057894	   1925.057894	643377	   1925.057972	   1925.057822	0.0	      0.000000	418	326341	
304	 -0.172197	 14.482808	   1925.057794	   1925.057794	643413	   1925.057872	   1925.057721	0.0	      0.000000	418	326341	
305	 -0.181763	 14.171910	   1925.057696	   1925.057696	643448	   1925.057774	   1925.057623	0.0	      0.000000	418	326341	
306	 -0.181763	 13.797627	   1925.057595	   1925.057595	643484	   1925.057673	   1925.057523	0.0	      0.000000	418	326341	
307	 -0.181763	 13.561001	   1925.057495	   1925.057495	643520	   1925.057573	   1925.057422	0.0	      0.000000	418	326341	
308	 -0.172197	 13.535137	   1925.057394	   1925.057394	643556	   1925.057472	   1925.057321	0.0	      0.000000	418	326341	
309	 -0.172197	 13.720034	   1925.057293	   1925.057293	643592	   1925.057372	   1925.057221	0.0	      0.000000	418	326341	
310	 -0.181763	 13.400896	   1925.057196	   1925.057196	643627	   1925.057274	   1925.057123	0.0	      0.000000	418	326341	
311	 -0.181763	 13.250674	   1925.057095	   1925.057095	643663	   1925.057173	   1925.057022	0.0	      0.000000	418	326341	
312	 -0.162630	 12.801769	   1925.056992	   1925.056992	643700	   1925.057070	   1925.056919	0.0	      0.000000	418	326341	
313	 -0.172197	 13.302890	   1925.056894	   1925.056894	643735	   1925.056972	   1925.056821	0.0	      0.000000	418	326341	
314	 -0.172197	 13.373852	   1925.056793	   1925.056793	643771	   1925.056872	   1925.056721	0.0	      0.000000	418	326341	
315	 -0.172197	 10.336640	   1925.030494	   1925.030494	653184	   1925.030572	   1925.030421	0.0	      0.000000	418	326341	
316	 -0.181763	 11.460546	   1925.030195	   1925.030195	653291	   1925.030273	   1925.030122	0.0	      0.000000	418	326341	
317	 -0.162630	 10.759315	   1925.030091	   1925.030091	653328	   1925.030170	   1925.030019	0.0	      0.000000	418	326341	
318	 -0.172197	 12.250978	   1925.029994	   1925.029994	653363	   1925.030072	   1925.029921	0.0	      0.000000	418	326341	
319	 -0.181763	 12.867583	   1925.029896	   1925.029896	653398	   1925.029974	   1925.029823	0.0	      0.000000	418	326341	
320	 -0.181763	 12.576671	   1925.029795	   1925.029795	653434	   1925.029873	   1925.029723	0.0	      0.000000	418	326341	
321	 -0.181763	 12.360373	   1925.029695	   1925.029695	653470	   1925.029773	   1925.029622	0.0	      0.000000	418	326341	
322	 -0.172197	 13.830202	   1925.029594	   1925.029594	653506	   1925.029672	   1925.029521	0.0	      0.000000	418	326341	
323	 -0.172197	 13.883621	   1925.029493	   1925.029493	653542	   1925.029572	   1925.029421	0.0	      0.000000	418	326341	
324	 -0.181763	 14.160137	   1925.029396	   1925.029396	653577	   1925.029474	   1925.029323	0.0	      0.000000	418	326341	
325	 -0.181763	 14.169374	   1925.029295	   1925.029295	653613	   1925.029373	   1925.029222	0.0	      0.000000	418	326341	
326	 -0.181763	 14.144619	   1925.029195	   1925.029195	653649	   1925.029273	   1925.029122	0.0	      0.000000	418	326341	
327	 -0.172197	 14.662683	   1925.029094	   1925.029094	653685	   1925.029172	   1925.029021	0.0	      0.000000	418	326341	
328	 -0.172197	 15.135182	   1925.028993	   1925.028993	653721	   1925.029072	   1925.028921	0.0	      0.000000	418	326341	
329	 -0.181763	 15.095572	   1925.028896	   1925.028896	653756	   1925.028974	   1925.028823	0.0	      0.000000	418	326341	
330	 -0.181763	 15.313944	   1925.028795	   1925.028795	653792	   1925.028873	   1925.028722	0.0	      0.000000	418	326341	
331	 -0.181763	 15.415084	   1925.028694	   1925.028694	653828	   1925.028773	   1925.028622	0.0	      0.000000	418	326341	
332	 -0.172197	 16.203878	   1925.028594	   1925.028594	653864	   1925.028672	   1925.028521	0.0	      0.000000	418	326341	
333	 -0.172197	 16.413612	   1925.028493	   1925.028493	653900	   1925.028571	   1925.028421	0.0	      0.000000	418	326341	
334	 -0.181763	 16.680513	   1925.028395	   1925.028395	653935	   1925.028474	   1925.028323	0.0	      0.000000	418	326341	
335	 -0.181763	 16.661802	   1925.028295	   1925.028295	653971	   1925.028373	   1925.028222	0.0	      0.000000	418	326341	
336	 -0.181763	 15.867021	   1925.028194	   1925.028194	654007	   1925.028273	   1925.028122	0.0	      0.000000	418	326341	
337	 -0.172197	 17.825514	   1925.028094	   1925.028094	654043	   1925.028172	   1925.028021	0.0	      0.000000	418	326341	
338	 -0.181763	 18.172171	   1925.027996	   1925.027996	654078	   1925.028074	   1925.027923	0.0	      0.000000	418	326341	
339	 -0.181763	 17.424414	   1925.027895	   1925.027895	654114	   1925.027974	   1925.027823	0.0	      0.000000	418	326341	
340	 -0.181763	 17.230141	   1925.027795	   1925.027795	654150	   1925.027873	   1925.027722	0.0	      0.000000	418	326341	
341	 -0.172197	 17.382458	   1925.027694	   1925.027694	654186	   1925.027772	   1925.027622	0.0	      0.000000	418	326341	
342	 -0.172197	 17.840679	   1925.027594	   1925.027594	654222	   1925.027672	   1925.027521	0.0	      0.000000	418	326341	
343	 -0.181763	 18.055874	   1925.027496	   1925.027496	654257	   1925.027574	   1925.027423	0.0	      0.000000	418	326341	
344	 -0.181763	 18.545740	   1925.027395	   1925.027395	654293	   1925.027473	   1925.027323	0.0	      0.000000	418	326341	
345	 -0.181763	 18.021881	   1925.027295	   1925.027295	654329	   1925.027373	   1925.027222	0.0	      0.000000	418	326341	
346	 -0.172197	 18.385532	   1925.027194	   1925.027194	654365	   1925.027272	   1925.027121	0.0	      0.000000	418	326341	
347	 -0.172197	 19.036448	   1925.027093	   1925.027093	654401	   1925.027172	   1925.027021	0.0	      0.000000	418	326341	
348	 -0.181763	 18.072947	   1925.026996	   1925.026996	654436	   1925.027074	   1925.026923	0.0	      0.000000	418	326341	
349	 -0.181763	 19.089607	   1925.026895	   1925.026895	654472	   1925.026973	   1925.026822	0.0	      0.000000	418	326341	
350	 -0.181763	 17.870560	   1925.026795	   1925.026795	654508	   1925.026873	   1925.026722	0.0	      0.000000	418	326341	
351	 -0.172197	 18.751852	   1925.026694	   1925.026694	654544	   1925.026772	   1925.026621	0.0	      0.000000	418	326341	
352	 -0.172197	 17.705761	   1925.026593	   1925.026593	654580	   1925.026672	   1925.026521	0.0	      0.000000	418	326341	
353	 -0.181763	 18.519667	   1925.026496	   1925.026496	654615	   1925.026574	   1925.026423	0.0	      0.000000	418	326341	
354	 -0.181763	 18.505363	   1925.026395	   1925.026395	654651	   1925.026473	   1925.026322	0.0	      0.000000	418	326341	
355	 -0.172197	 17.967678	   1925.026294	   1925.026294	654687	   1925.026373	   1925.026222	0.0	      0.000000	418	326341	
356	 -0.172197	 19.421761	   1925.026194	   1925.026194	654723	   1925.026272	   1925.026121	0.0	      0.000000	418	326341	
357	 -0.172197	 18.670349	   1925.026093	   1925.026093	654759	   1925.026171	   1925.026021	0.0	      0.000000	418	326341	
358	 -0.181763	 18.554710	   1925.025995	   1925.025995	654794	   1925.026074	   1925.025923	0.0	      0.000000	418	326341	
359	 -0.181763	 17.328306	   1925.025895	   1925.025895	654830	   1925.025973	   1925.025822	0.0	      0.000000	418	326341	
360	 -0.172197	 17.415634	   1925.025794	   1925.025794	654866	   1925.025873	   1925.025722	0.0	      0.000000	418	326341	
361	 -0.172197	 18.083178	   1925.025694	   1925.025694	654902	   1925.025772	   1925.025621	0.0	      0.000000	418	326341	
362	 -0.172197	 18.054169	   1925.025593	   1925.025593	654938	   1925.025671	   1925.025520	0.0	      0.000000	418	326341	
363	 -0.181763	 17.192764	   1925.025495	   1925.025495	654973	   1925.025574	   1925.025423	0.0	      0.000000	418	326341	
364	 -0.181763	 16.685884	   1925.025395	   1925.025395	655009	   1925.025473	   1925.025322	0.0	      0.000000	418	326341	
365	 -0.172197	 16.137915	   1925.025294	   1925.025294	655045	   1925.025372	   1925.025222	0.0	      0.000000	418	326341	
366	 -0.172197	 16.145138	   1925.025194	   1925.025194	655081	   1925.025272	   1925.025121	0.0	      0.000000	418	326341	
367	 -0.181763	 16.639271	   1925.025096	   1925.025096	655116	   1925.025174	   1925.025023	0.0	      0.000000	418	326341	
368	 -0.181763	 16.121008	   1925.024995	   1925.024995	655152	   1925.025073	   1925.024923	0.0	      0.000000	418	326341	
369	 -0.181763	 15.018551	   1925.024895	   1925.024895	655188	   1925.024973	   1925.024822	0.0	      0.000000	418	326341	
370	 -0.172197	 15.060649	   1925.024794	   1925.024794	655224	   1925.024872	   1925.024721	0.0	      0.000000	418	326341	
371	 -0.172197	 14.180320	   1925.024693	   1925.024693	655260	   1925.024772	   1925.024621	0.0	      0.000000	418	326341	
372	 -0.181763	 15.445315	   1925.024596	   1925.024596	655295	   1925.024674	   1925.024523	0.0	      0.000000	418	326341	
373	 -0.181763	 14.524755	   1925.024495	   1925.024495	655331	   1925.024573	   1925.024422	0.0	      0.000000	418	326341	
374	 -0.181763	 12.745690	   1925.024395	   1925.024395	655367	   1925.024473	   1925.024322	0.0	      0.000000	418	326341	
375	 -0.172197	 13.980224	   1925.024294	   1925.024294	655403	   1925.024372	   1925.024221	0.0	      0.000000	418	326341	
376	 -0.172197	 13.918351	   1925.024193	   1925.024193	655439	   1925.024272	   1925.024121	0.0	      0.000000	418	326341	
377	 -0.181763	 12.464733	   1925.024096	   1925.024096	655474	   1925.024174	   1925.024023	0.0	      0.000000	418	326341	
378	 -0.181763	 12.620403	   1925.023995	   1925.023995	655510	   1925.024073	   1925.023922	0.0	      0.000000	418	326341	
379	 -0.172197	 11.650833	   1925.023894	   1925.023894	655546	   1925.023973	   1925.023822	0.0	      0.000000	418	326341	
380	 -0.172197	 11.419293	   1925.023794	   1925.023794	655582	   1925.023872	   1925.023721	0.0	      0.000000	418	326341	
381	 -0.181763	 11.041765	   1925.023696	   1925.023696	655617	   1925.023774	   1925.023623	0.0	      0.000000	418	326341	
382	 -0.181763	 10.954580	   1925.023595	   1925.023595	655653	   1925.023674	   1925.023523	0.0	      0.000000	418	326341	
383	 -0.172197	 10.024923	   1925.017493	   1925.017493	657837	   1925.017572	   1925.017421	0.0	      0.000000	418	326341	
384	 -0.181763	 10.174750	   1925.017396	   1925.017396	657872	   1925.017474	   1925.017323	0.0	      0.000000	418	326341	
385	 -0.181763	 10.849526	   1925.017295	   1925.017295	657908	   1925.017373	   1925.017222	0.0	      0.000000	418	326341	
386	 -0.181763	 11.202637	   1925.017194	   1925.017194	657944	   1925.017273	   1925.017122	0.0	      0.000000	418	326341	
387	 -0.172197	 11.723820	   1925.017094	   1925.017094	657980	   1925.017172	   1925.017021	0.0	      0.000000	418	326341	
388	 -0.172197	 12.638224	   1925.016993	   1925.016993	658016	   1925.017072	   1925.016921	0.0	      0.000000	418	326341	
389	 -0.181763	 12.727430	   1925.016895	   1925.016895	658051	   1925.016974	   1925.016823	0.0	      0.000000	418	326341	
390	 -0.181763	 13.074658	   1925.016795	   1925.016795	658087	   1925.016873	   1925.016722	0.0	      0.000000	418	326341	
391	 -0.181763	 13.583602	   1925.016694	   1925.016694	658123	   1925.016773	   1925.016622	0.0	      0.000000	418	326341	
392	 -0.172197	 13.809212	   1925.016594	   1925.016594	658159	   1925.016672	   1925.016521	0.0	      0.000000	418	326341	
393	 -0.181763	 14.510040	   1925.016496	   1925.016496	658194	   1925.016574	   1925.016423	0.0	      0.000000	418	326341	
394	 -0.181763	 15.360462	   1925.016395	   1925.016395	658230	   1925.016474	   1925.016323	0.0	      0.000000	418	326341	
395	 -0.181763	 14.807001	   1925.016295	   1925.016295	658266	   1925.016373	   1925.016222	0.0	      0.000000	418	326341	
396	 -0.181763	 15.625166	   1925.016194	   1925.016194	658302	   1925.016272	   1925.016122	0.0	      0.000000	418	326341	
397	 -0.172197	 17.171339	   1925.016094	   1925.016094	658338	   1925.016172	   1925.016021	0.0	      0.000000	418	326341	
398	 -0.181763	 17.525421	   1925.015996	   1925.015996	658373	   1925.016074	   1925.015923	0.0	      0.000000	418	326341	
399	 -0.181763	 17.780874	   1925.015895	   1925.015895	658409	   1925.015973	   1925.015823	0.0	      0.000000	418	326341	
400	 -0.181763	 17.920042	   1925.015795	   1925.015795	658445	   1925.015873	   1925.015722	0.0	      0.000000	418	326341	
401	 -0.181763	 17.435997	   1925.015694	   1925.015694	658481	   1925.015772	   1925.015621	0.0	      0.000000	418	326341	
402	 -0.172197	 18.979538	   1925.015594	   1925.015594	658517	   1925.015672	   1925.015521	0.0	      0.000000	418	326341	
403	 -0.181763	 19.277794	   1925.015496	   1925.015496	658552	   1925.015574	   1925.015423	0.0	      0.000000	418	326341	
404	 -0.181763	 20.424219	   1925.015395	   1925.015395	658588	   1925.015473	   1925.015322	0.0	      0.000000	418	326341	
405	 -0.181763	 20.894602	   1925.015295	   1925.015295	658624	   1925.015373	   1925.015222	0.0	      0.000000	418	326341	
406	 -0.172197	 20.566818	   1925.015194	   1925.015194	658660	   1925.015272	   1925.015121	0.0	      0.000000	418	326341	
407	 -0.172197	 20.215014	   1925.015093	   1925.015093	658696	   1925.015172	   1925.015021	0.0	      0.000000	418	326341	
408	 -0.181763	 22.409767	   1925.014996	   1925.014996	658731	   1925.015074	   1925.014923	0.0	      0.000000	418	326341	
409	 -0.181763	 22.023470	   1925.014895	   1925.014895	658767	   1925.014973	   1925.014822	0.0	      0.000000	418	326341	
410	 -0.181763	 22.256041	   1925.014794	   1925.014794	658803	   1925.014873	   1925.014722	0.0	      0.000000	418	326341	
411	 -0.172197	 22.419796	   1925.014694	   1925.014694	658839	   1925.014772	   1925.014621	0.0	      0.000000	418	326341	
412	 -0.172197	 21.959349	   1925.014593	   1925.014593	658875	   1925.014671	   1925.014521	0.0	      0.000000	418	326341	
413	 -0.181763	 22.497337	   1925.014495	   1925.014495	658910	   1925.014574	   1925.014423	0.0	      0.000000	418	326341	
414	 -0.181763	 22.960997	   1925.014395	   1925.014395	658946	   1925.014473	   1925.014322	0.0	      0.000000	418	326341	
415	 -0.181763	 23.511086	   1925.014294	   1925.014294	658982	   1925.014373	   1925.014222	0.0	      0.000000	418	326341	
416	 -0.172197	 23.032019	   1925.014194	   1925.014194	659018	   1925.014272	   1925.014121	0.0	      0.000000	418	326341	
417	 -0.172197	 23.250954	   1925.014093	   1925.014093	659054	   1925.014171	   1925.014021	0.0	      0.000000	418	326341	
418	 -0.181763	 23.600187	   1925.013995	   1925.013995	659089	   1925.014074	   1925.013923	0.0	      0.000000	418	326341	
419	 -0.181763	 23.627253	   1925.013895	   1925.013895	659125	   1925.013973	   1925.013822	0.0	      0.000000	418	326341	
420	 -0.181763	 23.334774	   1925.013794	   1925.013794	659161	   1925.013872	   1925.013722	0.0	      0.000000	418	326341	
421	 -0.172197	 24.245974	   1925.013694	   1925.013694	659197	   1925.013772	   1925.013621	0.0	      0.000000	418	326341	
422	 -0.181763	 24.234976	   1925.013596	   1925.013596	659232	   1925.013674	   1925.013523	0.0	      0.000000	418	326341	
423	 -0.181763	 24.913044	   1925.013495	   1925.013495	659268	   1925.013573	   1925.013423	0.0	      0.000000	418	326341	
424	 -0.181763	 23.899227	   1925.013395	   1925.013395	659304	   1925.013473	   1925.013322	0.0	      0.000000	418	326341	
425	 -0.172197	 23.245275	   1925.013294	   1925.013294	659340	   1925.013372	   1925.013221	0.0	      0.000000	418	326341	
426	 -0.172197	 24.354603	   1925.013193	   1925.013193	659376	   1925.013272	   1925.013121	0.0	      0.000000	418	326341	
427	 -0.181763	 24.124878	   1925.013096	   1925.013096	659411	   1925.013174	   1925.013023	0.0	      0.000000	418	326341	
428	 -0.181763	 24.449675	   1925.012995	   1925.012995	659447	   1925.013073	   1925.012922	0.0	      0.000000	418	326341	
429	 -0.181763	 22.571819	   1925.012895	   1925.012895	659483	   1925.012973	   1925.012822	0.0	      0.000000	418	326341	
430	 -0.172197	 22.556404	   1925.012794	   1925.012794	659519	   1925.012872	   1925.012721	0.0	      0.000000	418	326341	
431	 -0.172197	 23.283468	   1925.012693	   1925.012693	659555	   1925.012772	   1925.012621	0.0	      0.000000	418	326341	
432	 -0.181763	 23.478874	   1925.012596	   1925.012596	659590	   1925.012674	   1925.012523	0.0	      0.000000	418	326341	
433	 -0.181763	 23.591978	   1925.012495	   1925.012495	659626	   1925.012573	   1925.012422	0.0	      0.000000	418	326341	
434	 -0.181763	 22.027992	   1925.012394	   1925.012394	659662	   1925.012473	   1925.012322	0.0	      0.000000	418	326341	
435	 -0.172197	 21.240820	   1925.012294	   1925.012294	659698	   1925.012372	   1925.012221	0.0	      0.000000	418	326341	
436	 -0.181763	 22.553711	   1925.012196	   1925.012196	659733	   1925.012274	   1925.012123	0.0	      0.000000	418	326341	
437	 -0.181763	 20.958870	   1925.012095	   1925.012095	659769	   1925.012174	   1925.012023	0.0	      0.000000	418	326341	
438	 -0.181763	 21.380110	   1925.011995	   1925.011995	659805	   1925.012073	   1925.011922	0.0	      0.000000	418	326341	
439	 -0.181763	 20.333199	   1925.011894	   1925.011894	659841	   1925.011973	   1925.011822	0.0	      0.000000	418	326341	
440	 -0.172197	 21.544271	   1925.011794	   1925.011794	659877	   1925.011872	   1925.011721	0.0	      0.000000	418	326341	
441	 -0.181763	 20.235069	   1925.011696	   1925.011696	659912	   1925.011774	   1925.011623	0.0	      0.000000	418	326341	
442	 -0.181763	 20.599808	   1925.011595	   1925.011595	659948	   1925.011674	   1925.011523	0.0	      0.000000	418	326341	
443	 -0.181763	 19.780413	   1925.011495	   1925.011495	659984	   1925.011573	   1925.011422	0.0	      0.000000	418	326341	
444	 -0.181763	 19.026785	   1925.011394	   1925.011394	660020	   1925.011472	   1925.011322	0.0	      0.000000	418	326341	
445	 -0.172197	 19.149876	   1925.011294	   1925.011294	660056	   1925.011372	   1925.011221	0.0	      0.000000	418	326341	
446	 -0.181763	 18.560598	   1925.011196	   1925.011196	660091	   1925.011274	   1925.011123	0.0	      0.000000	418	326341	
447	 -0.181763	 17.419056	   1925.011095	   1925.011095	660127	   1925.011173	   1925.011023	0.0	      0.000000	418	326341	
448	 -0.181763	 17.552637	   1925.010995	   1925.010995	660163	   1925.011073	   1925.010922	0.0	      0.000000	418	326341	
449	 -0.172197	 17.185024	   1925.010894	   1925.010894	660199	   1925.010972	   1925.010821	0.0	      0.000000	418	326341	
450	 -0.172197	 16.742226	   1925.010793	   1925.010793	660235	   1925.010872	   1925.010721	0.0	      0.000000	418	326341	
451	 -0.181763	 16.371798	   1925.010696	   1925.010696	660270	   1925.010774	   1925.010623	0.0	      0.000000	418	326341	
452	 -0.181763	 16.032553	   1925.010595	   1925.010595	660306	   1925.010673	   1925.010522	0.0	      0.000000	418	326341	
453	 -0.181763	 15.954792	   1925.005295	   1925.005295	662203	   1925.005373	   1925.005222	0.0	      0.000000	418	326341	
454	 -0.172197	 16.586094	   1925.005194	   1925.005194	662239	   1925.005273	   1925.005122	0.0	      0.000000	418	326341	
455	 -0.172197	 17.136957	   1925.005094	   1925.005094	662275	   1925.005172	   1925.005021	0.0	      0.000000	418	326341	
456	 -0.181763	 17.149982	   1925.004996	   1925.004996	662310	   1925.005074	   1925.004923	0.0	      0.000000	418	326341	
457	 -0.181763	 18.073845	   1925.004895	   1925.004895	662346	   1925.004974	   1925.004823	0.0	      0.000000	418	326341	
458	 -0.181763	 17.401741	   1925.004795	   1925.004795	662382	   1925.004873	   1925.004722	0.0	      0.000000	418	326341	
459	 -0.172197	 19.589327	   1925.004694	   1925.004694	662418	   1925.004772	   1925.004622	0.0	      0.000000	418	326341	
460	 -0.172197	 19.651913	   1925.004594	   1925.004594	662454	   1925.004672	   1925.004521	0.0	      0.000000	418	326341	
461	 -0.181763	 19.969297	   1925.004496	   1925.004496	662489	   1925.004574	   1925.004423	0.0	      0.000000	418	326341	
462	 -0.181763	 21.082075	   1925.004395	   1925.004395	662525	   1925.004474	   1925.004323	0.0	      0.000000	418	326341	
463	 -0.181763	 21.296537	   1925.004295	   1925.004295	662561	   1925.004373	   1925.004222	0.0	      0.000000	418	326341	
464	 -0.172197	 22.519073	   1925.004194	   1925.004194	662597	   1925.004272	   1925.004121	0.0	      0.000000	418	326341	
465	 -0.172197	 22.093075	   1925.004094	   1925.004094	662633	   1925.004172	   1925.004021	0.0	      0.000000	418	326341	
466	 -0.181763	 23.150862	   1925.003996	   1925.003996	662668	   1925.004074	   1925.003923	0.0	      0.000000	418	326341	
467	 -0.181763	 23.827019	   1925.003895	   1925.003895	662704	   1925.003973	   1925.003823	0.0	      0.000000	418	326341	
468	 -0.181763	 22.816296	   1925.003795	   1925.003795	662740	   1925.003873	   1925.003722	0.0	      0.000000	418	326341	
469	 -0.172197	 24.153910	   1925.003694	   1925.003694	662776	   1925.003772	   1925.003621	0.0	      0.000000	418	326341	
470	 -0.172197	 24.860083	   1925.003593	   1925.003593	662812	   1925.003672	   1925.003521	0.0	      0.000000	418	326341	
471	 -0.181763	 25.840059	   1925.003496	   1925.003496	662847	   1925.003574	   1925.003423	0.0	      0.000000	418	326341	
472	 -0.181763	 25.878239	   1925.003395	   1925.003395	662883	   1925.003473	   1925.003322	0.0	      0.000000	418	326341	
473	 -0.181763	 25.647066	   1925.003294	   1925.003294	662919	   1925.003373	   1925.003222	0.0	      0.000000	418	326341	
474	 -0.172197	 26.399115	   1925.003194	   1925.003194	662955	   1925.003272	   1925.003121	0.0	      0.000000	418	326341	
475	 -0.172197	 27.554058	   1925.003093	   1925.003093	662991	   1925.003172	   1925.003021	0.0	      0.000000	418	326341	
476	 -0.181763	 28.762058	   1925.002996	   1925.002996	663026	   1925.003074	   1925.002923	0.0	      0.000000	418	326341	
477	 -0.181763	 28.348419	   1925.002895	   1925.002895	663062	   1925.002973	   1925.002822	0.0	      0.000000	418	326341	
478	 -0.181763	 27.778477	   1925.002794	   1925.002794	663098	   1925.002873	   1925.002722	0.0	      0.000000	418	326341	
479	 -0.172197	 29.282696	   1925.002694	   1925.002694	663134	   1925.002772	   1925.002621	0.0	      0.000000	418	326341	
480	 -0.181763	 29.110281	   1925.002596	   1925.002596	663169	   1925.002674	   1925.002523	0.0	      0.000000	418	326341	
481	 -0.181763	 31.097082	   1925.002495	   1925.002495	663205	   1925.002574	   1925.002423	0.0	      0.000000	418	326341	
482	 -0.181763	 29.173908	   1925.002395	   1925.002395	663241	   1925.002473	   1925.002322	0.0	      0.000000	418	326341	
483	 -0.172197	 30.196396	   1925.002294	   1925.002294	663277	   1925.002372	   1925.002222	0.0	      0.000000	418	326341	
484	 -0.172197	 31.594217	   1925.002194	   1925.002194	663313	   1925.002272	   1925.002121	0.0	      0.000000	418	326341	
485	 -0.181763	 32.195095	   1925.002096	   1925.002096	663348	   1925.002174	   1925.002023	0.0	      0.000000	418	326341	
486	 -0.181763	 32.917404	   1925.001995	   1925.001995	663384	   1925.002073	   1925.001923	0.0	      0.000000	418	326341	
487	 -0.181763	 31.393738	   1925.001895	   1925.001895	663420	   1925.001973	   1925.001822	0.0	      0.000000	418	326341	
488	 -0.172197	 31.184332	   1925.001794	   1925.001794	663456	   1925.001872	   1925.001721	0.0	      0.000000	418	326341	
489	 -0.172197	 32.913826	   1925.001694	   1925.001694	663492	   1925.001772	   1925.001621	0.0	      0.000000	418	326341	
490	 -0.181763	 34.945011	   1925.001596	   1925.001596	663527	   1925.001674	   1925.001523	0.0	      0.000000	418	326341	
491	 -0.181763	 33.749947	   1925.001495	   1925.001495	663563	   1925.001573	   1925.001423	0.0	      0.000000	418	326341	
492	 -0.181763	 32.170372	   1925.001395	   1925.001395	663599	   1925.001473	   1925.001322	0.0	      0.000000	418	326341	
493	 -0.172197	 33.734650	   1925.001294	   1925.001294	663635	   1925.001372	   1925.001221	0.0	      0.000000	418	326341	
494	 -0.172197	 34.747421	   1925.001193	   1925.001193	663671	   1925.001272	   1925.001121	0.0	      0.000000	418	326341	
495	 -0.181763	 33.511272	   1925.001096	   1925.001096	663706	   1925.001174	   1925.001023	0.0	      0.000000	418	326341	
496	 -0.181763	 34.394501	   1925.000995	   1925.000995	663742	   1925.001073	   1925.000922	0.0	      0.000000	418	326341	
497	 -0.181763	 32.047573	   1925.000894	   1925.000894	663778	   1925.000973	   1925.000822	0.0	      0.000000	418	326341	
498	 -0.172197	 35.189026	   1925.000794	   1925.000794	663814	   1925.000872	   1925.000721	0.0	      0.000000	418	326341	
499	 -0.172197	 34.957905	   1925.000693	   1925.000693	663850	   1925.000772	   1925.000621	0.0	      0.000000	418	326341	
500	 -0.181763	 34.211094	   1925.000595	   1925.000595	663885	   1925.000674	   1925.000523	0.0	      0.000000	418	326341	
501	 -0.181763	 33.172871	   1925.000495	   1925.000495	663921	   1925.000573	   1925.000422	0.0	      0.000000	418	326341	
502	 -0.172197	 33.727276	   1925.000394	   1925.000394	663957	   1925.000473	   1925.000322	0.0	      0.000000	418	326341	
503	 -0.172197	 34.144630	   1925.000294	   1925.000294	663993	   1925.000372	   1925.000221	0.0	      0.000000	418	326341	
504	 -0.172197	 35.425591	   1925.000193	   1925.000193	664029	   1925.000271	   1925.000121	0.0	      0.000000	418	326341	
505	 -0.181763	 34.178841	   1925.000095	   1925.000095	664064	   1925.000174	   1925.000023	0.0	      0.000000	418	326341	
506	 -0.181763	 32.982704	   1924.999995	   1924.999995	664100	   1925.000073	   1924.999922	0.0	      0.000000	418	326341	
507	 -0.172197	 32.461880	   1924.999894	   1924.999894	664136	   1924.999972	   1924.999822	0.0	      0.000000	418	326341	
508	 -0.172197	 33.125984	   1924.999794	   1924.999794	664172	   1924.999872	   1924.999721	0.0	      0.000000	418	326341	
509	 -0.181763	 34.579849	   1924.999696	   1924.999696	664207	   1924.999774	   1924.999623	0.0	      0.000000	418	326341	
510	 -0.181763	 32.685509	   1924.999595	   1924.999595	664243	   1924.999673	   1924.999523	0.0	      0.000000	418	326341	
511	 -0.181763	 33.170696	   1924.999495	   1924.999495	664279	   1924.999573	   1924.999422	0.0	      0.000000	418	326341	
512	 -0.172197	 33.336807	   1924.999394	   1924.999394	664315	   1924.999472	   1924.999321	0.0	      0.000000	418	326341	
513	 -0.172197	 34.277725	   1924.999293	   1924.999293	664351	   1924.999372	   1924.999221	0.0	      0.000000	418	326341	
514	 -0.143497	 43.587734	   1924.985505	   1924.985505	669286	   1924.985583	   1924.985433	0.0	      0.000000	418	326341	
515	 -0.143497	 44.239174	   1924.985106	   1924.985106	669429	   1924.985184	   1924.985033	0.0	      0.000000	418	326341	
516	 -0.143497	 43.329800	   1924.985005	   1924.985005	669465	   1924.985083	   1924.984933	0.0	      0.000000	418	326341	
517	 -0.143497	 40.612495	   1924.984606	   1924.984606	669608	   1924.984684	   1924.984533	0.0	      0.000000	418	326341	
518	 -0.143497	 39.909538	   1924.984505	   1924.984505	669644	   1924.984583	   1924.984432	0.0	      0.000000	418	326341	
519	 -0.162630	 38.530678	   1924.984407	   1924.984407	669679	   1924.984485	   1924.984335	0.0	      0.000000	418	326341	
520	 -0.143497	 39.432686	   1924.984307	   1924.984307	669715	   1924.984385	   1924.984234	0.0	      0.000000	418	326341	
521	 -0.143497	 41.497799	   1924.984206	   1924.984206	669751	   1924.984284	   1924.984133	0.0	      0.000000	418	326341	
522	 -0.143497	 40.087833	   1924.984105	   1924.984105	669787	   1924.984184	   1924.984033	0.0	      0.000000	418	326341	
523	 -0.162630	 37.226322	   1924.984008	   1924.984008	669822	   1924.984086	   1924.983935	0.0	      0.000000	418	326341	
524	 -0.162630	 37.631611	   1924.983907	   1924.983907	669858	   1924.983985	   1924.983834	0.0	      0.000000	418	326341	
525	 -0.143497	 37.133080	   1924.983807	   1924.983807	669894	   1924.983885	   1924.983734	0.0	      0.000000	418	326341	
526	 -0.143497	 38.341850	   1924.983706	   1924.983706	669930	   1924.983784	   1924.983633	0.0	      0.000000	418	326341	
527	 -0.143497	 35.856430	   1924.983605	   1924.983605	669966	   1924.983684	   1924.983533	0.0	      0.000000	418	326341	
528	 -0.162630	 34.621273	   1924.983508	   1924.983508	670001	   1924.983586	   1924.983435	0.0	      0.000000	418	326341	
529	 -0.162630	 34.598621	   1924.983407	   1924.983407	670037	   1924.983485	   1924.983334	0.0	      0.000000	418	326341	
530	 -0.143497	 34.784206	   1924.983306	   1924.983306	670073	   1924.983385	   1924.983234	0.0	      0.000000	418	326341	
531	 -0.143497	 34.969376	   1924.983206	   1924.983206	670109	   1924.983284	   1924.983133	0.0	      0.000000	418	326341	
532	 -0.143497	 34.245110	   1924.983105	   1924.983105	670145	   1924.983183	   1924.983033	0.0	      0.000000	418	326341	
533	 -0.162630	 31.361197	   1924.983007	   1924.983007	670180	   1924.983086	   1924.982935	0.0	      0.000000	418	326341	
534	 -0.162630	 30.683968	   1924.982907	   1924.982907	670216	   1924.982985	   1924.982834	0.0	      0.000000	418	326341	
535	 -0.143497	 32.600517	   1924.982806	   1924.982806	670252	   1924.982885	   1924.982734	0.0	      0.000000	418	326341	
536	 -0.143497	 30.679455	   1924.982706	   1924.982706	670288	   1924.982784	   1924.982633	0.0	      0.000000	418	326341	
537	 -0.143497	 30.325512	   1924.982605	   1924.982605	670324	   1924.982683	   1924.982532	0.0	      0.000000	418	326341	
538	 -0.162630	 29.391411	   1924.982507	   1924.982507	670359	   1924.982586	   1924.982435	0.0	      0.000000	418	326341	
539	 -0.162630	 28.101225	   1924.982407	   1924.982407	670395	   1924.982485	   1924.982334	0.0	      0.000000	418	326341	
540	 -0.143497	 28.604378	   1924.982306	   1924.982306	670431	   1924.982384	   1924.982234	0.0	      0.000000	418	326341	
541	 -0.143497	 27.286461	   1924.982206	   1924.982206	670467	   1924.982284	   1924.982133	0.0	      0.000000	418	326341	
542	 -0.143497	 26.374622	   1924.982105	   1924.982105	670503	   1924.982183	   1924.982032	0.0	      0.000000	418	326341	
543	 -0.162630	 24.841162	   1924.982007	   1924.982007	670538	   1924.982085	   1924.981935	0.0	      0.000000	418	326341	
544	 -0.143497	 24.346756	   1924.981907	   1924.981907	670574	   1924.981985	   1924.981834	0.0	      0.000000	418	326341	
545	 -0.143497	 23.986259	   1924.981806	   1924.981806	670610	   1924.981884	   1924.981733	0.0	      0.000000	418	326341	
546	 -0.143497	 25.413635	   1924.981705	   1924.981705	670646	   1924.981784	   1924.981633	0.0	      0.000000	418	326341	
547	 -0.143497	 21.570124	   1924.972105	   1924.972105	674082	   1924.972184	   1924.972033	0.0	      0.000000	418	326341	
548	 -0.143497	 21.307438	   1924.971706	   1924.971706	674225	   1924.971784	   1924.971633	0.0	      0.000000	418	326341	
549	 -0.143497	 20.345039	   1924.971605	   1924.971605	674261	   1924.971684	   1924.971533	0.0	      0.000000	418	326341	
550	 -0.162630	 19.877180	   1924.971407	   1924.971407	674332	   1924.971485	   1924.971334	0.0	      0.000000	418	326341	
551	 -0.143497	 19.307077	   1924.971306	   1924.971306	674368	   1924.971385	   1924.971234	0.0	      0.000000	418	326341	
552	 -0.143497	 20.223860	   1924.971206	   1924.971206	674404	   1924.971284	   1924.971133	0.0	      0.000000	418	326341	
553	 -0.143497	 18.238695	   1924.971105	   1924.971105	674440	   1924.971183	   1924.971033	0.0	      0.000000	418	326341	
554	 -0.162630	 19.216333	   1924.971007	   1924.971007	674475	   1924.971086	   1924.970935	0.0	      0.000000	418	326341	
555	 -0.162630	 18.162874	   1924.970907	   1924.970907	674511	   1924.970985	   1924.970834	0.0	      0.000000	418	326341	
556	 -0.143497	 18.671284	   1924.970806	   1924.970806	674547	   1924.970884	   1924.970734	0.0	      0.000000	418	326341	
557	 -0.143497	 18.153055	   1924.970706	   1924.970706	674583	   1924.970784	   1924.970633	0.0	      0.000000	418	326341	
558	 -0.143497	 17.752466	   1924.970605	   1924.970605	674619	   1924.970683	   1924.970532	0.0	      0.000000	418	326341	
559	 -0.143497	 16.074310	   1924.970407	   1924.970407	674690	   1924.970485	   1924.970334	0.0	      0.000000	418	326341	
560	 -0.143497	 16.162773	   1924.970306	   1924.970306	674726	   1924.970384	   1924.970233	0.0	      0.000000	418	326341	
561	 -0.143497	 16.319357	   1924.970206	   1924.970206	674762	   1924.970284	   1924.970133	0.0	      0.000000	418	326341	
562	 -0.162630	 15.461813	   1924.970108	   1924.970108	674797	   1924.970186	   1924.970035	0.0	      0.000000	418	326341	
563	 -0.162630	 14.515809	   1924.970007	   1924.970007	674833	   1924.970085	   1924.969934	0.0	      0.000000	418	326341	
564	 -0.143497	 14.489243	   1924.969907	   1924.969907	674869	   1924.969985	   1924.969834	0.0	      0.000000	418	326341	
565	 -0.143497	 14.410069	   1924.969806	   1924.969806	674905	   1924.969884	   1924.969733	0.0	      0.000000	418	326341	
566	 -0.143497	 14.091046	   1924.969705	   1924.969705	674941	   1924.969784	   1924.969633	0.0	      0.000000	418	326341	
567	 -0.162630	 13.059422	   1924.969608	   1924.969608	674976	   1924.969686	   1924.969535	0.0	      0.000000	418	326341	
568	 -0.162630	 12.466648	   1924.969507	   1924.969507	675012	   1924.969585	   1924.969434	0.0	      0.000000	418	326341	
569	 -0.143497	 12.843398	   1924.969406	   1924.969406	675048	   1924.969485	   1924.969334	0.0	      0.000000	418	326341	
570	 -0.143497	 12.546073	   1924.969306	   1924.969306	675084	   1924.969384	   1924.969233	0.0	      0.000000	418	326341	
571	 -0.143497	 11.962837	   1924.969205	   1924.969205	675120	   1924.969283	   1924.969133	0.0	      0.000000	418	326341	
572	 -0.143497	 10.141990	   1924.932006	   1924.932006	688434	   1924.932085	   1924.931934	0.0	      0.000000	418	326341	
573	 -0.143497	 10.232095	   1924.931906	   1924.931906	688470	   1924.931984	   1924.931833	0.0	      0.000000	418	326341	
574	 -0.143497	 10.070786	   1924.931805	   1924.931805	688506	   1924.931883	   1924.931733	0.0	      0.000000	418	326341	
575	 -0.162630	 10.292729	   1924.931707	   1924.931707	688541	   1924.931786	   1924.931635	0.0	      0.000000	418	326341	
576	 -0.143497	 10.230805	   1924.931607	   1924.931607	688577	   1924.931685	   1924.931534	0.0	      0.000000	418	326341	
577	 -0.143497	 10.493631	   1924.931506	   1924.931506	688613	   1924.931584	   1924.931434	0.0	      0.000000	418	326341	
578	 -0.143497	 10.686127	   1924.931406	   1924.931406	688649	   1924.931484	   1924.931333	0.0	      0.000000	418	326341	
579	 -0.162630	 10.257387	   1924.931308	   1924.931308	688684	   1924.931386	   1924.931235	0.0	      0.000000	418	326341	
580	 -0.143497	 11.221519	   1924.931107	   1924.931107	688756	   1924.931185	   1924.931034	0.0	      0.000000	418	326341	
581	 -0.143497	 10.587345	   1924.931006	   1924.931006	688792	   1924.931084	   1924.930933	0.0	      0.000000	418	326341	
582	 -0.143497	 11.323062	   1924.930906	   1924.930906	688828	   1924.930984	   1924.930833	0.0	      0.000000	418	326341	
583	 -0.162630	 10.922618	   1924.930707	   1924.930707	688899	   1924.930785	   1924.930635	0.0	      0.000000	418	326341	
584	 -0.143497	 10.909131	   1924.930607	   1924.930607	688935	   1924.930685	   1924.930534	0.0	      0.000000	418	326341	
585	 -0.143497	 11.213065	   1924.930506	   1924.930506	688971	   1924.930584	   1924.930433	0.0	      0.000000	418	326341	
586	 -0.143497	 11.512581	   1924.930405	   1924.930405	689007	   1924.930484	   1924.930333	0.0	      0.000000	418	326341	
587	 -0.162630	 10.862379	   1924.930207	   1924.930207	689078	   1924.930285	   1924.930134	0.0	      0.000000	418	326341	
588	 -0.143497	 11.295652	   1924.930106	   1924.930106	689114	   1924.930185	   1924.930034	0.0	      0.000000	418	326341	
589	 -0.143497	 11.277356	   1924.930006	   1924.930006	689150	   1924.930084	   1924.929933	0.0	      0.000000	418	326341	
590	 -0.143497	 11.190350	   1924.929905	   1924.929905	689186	   1924.929984	   1924.929833	0.0	      0.000000	418	326341	
591	 -0.162630	 11.139556	   1924.929808	   1924.929808	689221	   1924.929886	   1924.929735	0.0	      0.000000	418	326341	
592	 -0.143497	 10.591932	   1924.929707	   1924.929707	689257	   1924.929785	   1924.929634	0.0	      0.000000	418	326341	
593	 -0.143497	 11.452562	   1924.929606	   1924.929606	689293	   1924.929685	   1924.929534	0.0	      0.000000	418	326341	
594	 -0.143497	 11.713137	   1924.929506	   1924.929506	689329	   1924.929584	   1924.929433	0.0	      0.000000	418	326341	
595	 -0.143497	 11.337546	   1924.929405	   1924.929405	689365	   1924.929483	   1924.929333	0.0	      0.000000	418	326341	
596	 -0.162630	 11.133409	   1924.929307	   1924.929307	689400	   1924.929386	   1924.929235	0.0	      0.000000	418	326341	
597	 -0.143497	 10.350876	   1924.929207	   1924.929207	689436	   1924.929285	   1924.929134	0.0	      0.000000	418	326341	
598	 -0.143497	 10.986380	   1924.929106	   1924.929106	689472	   1924.929184	   1924.929034	0.0	      0.000000	418	326341	
599	 -0.143497	 11.256284	   1924.929006	   1924.929006	689508	   1924.929084	   1924.928933	0.0	      0.000000	418	326341	
600	 -0.162630	 10.672850	   1924.928908	   1924.928908	689543	   1924.928986	   1924.928835	0.0	      0.000000	418	326341	
601	 -0.162630	 10.580494	   1924.928807	   1924.928807	689579	   1924.928886	   1924.928735	0.0	      0.000000	418	326341	
602	 -0.143497	 10.351490	   1924.928707	   1924.928707	689615	   1924.928785	   1924.928634	0.0	      0.000000	418	326341	
603	 -0.143497	 10.689578	   1924.928606	   1924.928606	689651	   1924.928684	   1924.928533	0.0	      0.000000	418	326341	
604	 -0.143497	 10.318505	   1924.928506	   1924.928506	689687	   1924.928584	   1924.928433	0.0	      0.000000	418	326341	
605	 -0.162630	 10.094851	   1924.928307	   1924.928307	689758	   1924.928385	   1924.928235	0.0	      0.000000	418	326341	
606	 -0.143497	 10.916759	   1924.928207	   1924.928207	689794	   1924.928285	   1924.928134	0.0	      0.000000	418	326341	
607	 -0.143497	 10.809628	   1924.928106	   1924.928106	689830	   1924.928184	   1924.928033	0.0	      0.000000	418	326341	
608	 -0.143497	 10.463639	   1924.928005	   1924.928005	689866	   1924.928084	   1924.927933	0.0	      0.000000	418	326341	
609	 -0.162630	 10.015220	   1924.713591	   1924.713591	766608	   1924.713669	   1924.713518	0.0	      0.000000	418	326341	
610	 -0.162630	 10.168427	   1924.713490	   1924.713490	766644	   1924.713568	   1924.713418	0.0	      0.000000	418	326341	
611	 -0.181763	 10.803109	   1924.713395	   1924.713395	766678	   1924.713473	   1924.713323	0.0	      0.000000	418	326341	
612	 -0.181763	 10.534776	   1924.713295	   1924.713295	766714	   1924.713373	   1924.713222	0.0	      0.000000	418	326341	
613	 -0.172197	 11.051538	   1924.713194	   1924.713194	766750	   1924.713272	   1924.713121	0.0	      0.000000	418	326341	
614	 -0.162630	 11.308048	   1924.713091	   1924.713091	766787	   1924.713169	   1924.713018	0.0	      0.000000	418	326341	
615	 -0.162630	 11.222790	   1924.712990	   1924.712990	766823	   1924.713068	   1924.712917	0.0	      0.000000	418	326341	
616	 -0.181763	 11.564389	   1924.712895	   1924.712895	766857	   1924.712973	   1924.712822	0.0	      0.000000	418	326341	
617	 -0.181763	 10.963590	   1924.712794	   1924.712794	766893	   1924.712873	   1924.712722	0.0	      0.000000	418	326341	
618	 -0.162630	 12.392536	   1924.712691	   1924.712691	766930	   1924.712769	   1924.712618	0.0	      0.000000	418	326341	
619	 -0.162630	 12.181813	   1924.712591	   1924.712591	766966	   1924.712669	   1924.712518	0.0	      0.000000	418	326341	
620	 -0.181763	 11.337672	   1924.712496	   1924.712496	767000	   1924.712574	   1924.712423	0.0	      0.000000	418	326341	
621	 -0.181763	 12.113987	   1924.712395	   1924.712395	767036	   1924.712473	   1924.712322	0.0	      0.000000	418	326341	
622	 -0.181763	 11.174670	   1924.712294	   1924.712294	767072	   1924.712373	   1924.712222	0.0	      0.000000	418	326341	
623	 -0.162630	 12.869548	   1924.712191	   1924.712191	767109	   1924.712269	   1924.712118	0.0	      0.000000	418	326341	
624	 -0.172197	 11.795525	   1924.712093	   1924.712093	767144	   1924.712171	   1924.712021	0.0	      0.000000	418	326341	
625	 -0.181763	 12.058170	   1924.711995	   1924.711995	767179	   1924.712074	   1924.711923	0.0	      0.000000	418	326341	
626	 -0.181763	 12.340559	   1924.711895	   1924.711895	767215	   1924.711973	   1924.711822	0.0	      0.000000	418	326341	
627	 -0.181763	 11.826551	   1924.711794	   1924.711794	767251	   1924.711872	   1924.711722	0.0	      0.000000	418	326341	
628	 -0.162630	 12.283457	   1924.711691	   1924.711691	767288	   1924.711769	   1924.711618	0.0	      0.000000	418	326341	
629	 -0.162630	 12.990048	   1924.711590	   1924.711590	767324	   1924.711668	   1924.711518	0.0	      0.000000	418	326341	
630	 -0.181763	 13.408318	   1924.711495	   1924.711495	767358	   1924.711573	   1924.711423	0.0	      0.000000	418	326341	
631	 -0.181763	 12.037662	   1924.711395	   1924.711395	767394	   1924.711473	   1924.711322	0.0	      0.000000	418	326341	
632	 -0.172197	 12.670691	   1924.711294	   1924.711294	767430	   1924.711372	   1924.711221	0.0	      0.000000	418	326341	
633	 -0.143497	 12.552073	   1924.711188	   1924.711188	767468	   1924.711266	   1924.711115	0.0	      0.000000	418	326341	
634	 -0.181763	 12.663218	   1924.711096	   1924.711096	767501	   1924.711174	   1924.711023	0.0	      0.000000	418	326341	
635	 -0.181763	 12.717170	   1924.710995	   1924.710995	767537	   1924.711073	   1924.710923	0.0	      0.000000	418	326341	
636	 -0.181763	 11.486757	   1924.710895	   1924.710895	767573	   1924.710973	   1924.710822	0.0	      0.000000	418	326341	
637	 -0.172197	 12.660487	   1924.710794	   1924.710794	767609	   1924.710872	   1924.710721	0.0	      0.000000	418	326341	
638	 -0.162630	 12.304536	   1924.710691	   1924.710691	767646	   1924.710769	   1924.710618	0.0	      0.000000	418	326341	
639	 -0.172197	 12.310315	   1924.710593	   1924.710593	767681	   1924.710671	   1924.710520	0.0	      0.000000	418	326341	
640	 -0.181763	 11.994452	   1924.710495	   1924.710495	767716	   1924.710573	   1924.710422	0.0	      0.000000	418	326341	
641	 -0.181763	 12.337358	   1924.710394	   1924.710394	767752	   1924.710473	   1924.710322	0.0	      0.000000	418	326341	
642	 -0.172197	 12.140333	   1924.710294	   1924.710294	767788	   1924.710372	   1924.710221	0.0	      0.000000	418	326341	
643	 -0.172197	 11.877485	   1924.710193	   1924.710193	767824	   1924.710272	   1924.710121	0.0	      0.000000	418	326341	
644	 -0.181763	 12.315781	   1924.710095	   1924.710095	767859	   1924.710174	   1924.710023	0.0	      0.000000	418	326341	
645	 -0.181763	 12.428527	   1924.709995	   1924.709995	767895	   1924.710073	   1924.709922	0.0	      0.000000	418	326341	
646	 -0.181763	 12.036613	   1924.709894	   1924.709894	767931	   1924.709973	   1924.709822	0.0	      0.000000	418	326341	
647	 -0.162630	 11.685820	   1924.709791	   1924.709791	767968	   1924.709869	   1924.709718	0.0	      0.000000	418	326341	
648	 -0.181763	 11.547478	   1924.709696	   1924.709696	768002	   1924.709774	   1924.709623	0.0	      0.000000	418	326341	
649	 -0.181763	 11.304740	   1924.709595	   1924.709595	768038	   1924.709674	   1924.709523	0.0	      0.000000	418	326341	
650	 -0.181763	 11.660510	   1924.709495	   1924.709495	768074	   1924.709573	   1924.709422	0.0	      0.000000	418	326341	
651	 -0.181763	 10.597207	   1924.709394	   1924.709394	768110	   1924.709472	   1924.709322	0.0	      0.000000	418	326341	
652	 -0.162630	 10.990625	   1924.709291	   1924.709291	768147	   1924.709369	   1924.709218	0.0	      0.000000	418	326341	
653	 -0.172197	 10.676808	   1924.709193	   1924.709193	768182	   1924.709271	   1924.709120	0.0	      0.000000	418	326341	
654	 -0.172197	 10.422456	   1924.709092	   1924.709092	768218	   1924.709171	   1924.709020	0.0	      0.000000	418	326341	
655	 -0.181763	 10.551311	   1924.708995	   1924.708995	768253	   1924.709073	   1924.708922	0.0	      0.000000	418	326341	
656	 -0.172197	 10.666053	   1924.708793	   1924.708793	768325	   1924.708872	   1924.708721	0.0	      0.000000	418	326341	
657	 -0.181763	 10.453199	   1924.708696	   1924.708696	768360	   1924.708774	   1924.708623	0.0	      0.000000	418	326341	
658	 -0.181763	 10.485163	   1924.708595	   1924.708595	768396	   1924.708673	   1924.708522	0.0	      0.000000	418	326341	
659	 -0.181763	 10.045112	   1924.701496	   1924.701496	770937	   1924.701574	   1924.701423	0.0	      0.000000	418	326341	
660	 -0.172197	 10.141464	   1924.700694	   1924.700694	771224	   1924.700772	   1924.700621	0.0	      0.000000	418	326341	
661	 -0.162630	 10.569559	   1924.700590	   1924.700590	771261	   1924.700669	   1924.700518	0.0	      0.000000	418	326341	
662	 -0.181763	 10.322973	   1924.700495	   1924.700495	771295	   1924.700574	   1924.700423	0.0	      0.000000	418	326341	
663	 -0.181763	 10.532347	   1924.700395	   1924.700395	771331	   1924.700473	   1924.700322	0.0	      0.000000	418	326341	
664	 -0.181763	 10.292738	   1924.699995	   1924.699995	771474	   1924.700074	   1924.699923	0.0	      0.000000	418	326341	
665	 -0.172197	 10.217721	   1924.699694	   1924.699694	771582	   1924.699772	   1924.699621	0.0	      0.000000	418	326341	
666	 -0.181763	 11.018324	   1924.699495	   1924.699495	771653	   1924.699573	   1924.699423	0.0	      0.000000	418	326341	
667	 -0.162630	 10.116710	   1924.699191	   1924.699191	771762	   1924.699269	   1924.699118	0.0	      0.000000	418	326341	
668	 -0.162630	 10.234008	   1924.699090	   1924.699090	771798	   1924.699168	   1924.699017	0.0	      0.000000	418	326341	
669	 -0.143497	 10.469215	   1924.670907	   1924.670907	781885	   1924.670986	   1924.670835	0.0	      0.000000	418	326341	
670	 -0.143497	 10.854038	   1924.670807	   1924.670807	781921	   1924.670885	   1924.670734	0.0	      0.000000	418	326341	
671	 -0.162630	 10.350107	   1924.670709	   1924.670709	781956	   1924.670787	   1924.670636	0.0	      0.000000	418	326341	
672	 -0.162630	 10.339117	   1924.670608	   1924.670608	781992	   1924.670687	   1924.670536	0.0	      0.000000	418	326341	
673	 -0.143497	 11.328907	   1924.670508	   1924.670508	782028	   1924.670586	   1924.670435	0.0	      0.000000	418	326341	
674	 -0.143497	 11.222346	   1924.670407	   1924.670407	782064	   1924.670485	   1924.670335	0.0	      0.000000	418	326341	
675	 -0.143497	 11.203872	   1924.670307	   1924.670307	782100	   1924.670385	   1924.670234	0.0	      0.000000	418	326341	
676	 -0.162630	 11.712427	   1924.670209	   1924.670209	782135	   1924.670287	   1924.670136	0.0	      0.000000	418	326341	
677	 -0.162630	 10.976222	   1924.670108	   1924.670108	782171	   1924.670186	   1924.670036	0.0	      0.000000	418	326341	
678	 -0.143497	 12.288745	   1924.670008	   1924.670008	782207	   1924.670086	   1924.669935	0.0	      0.000000	418	326341	
679	 -0.143497	 12.489360	   1924.669907	   1924.669907	782243	   1924.669985	   1924.669834	0.0	      0.000000	418	326341	
680	 -0.143497	 12.678988	   1924.669806	   1924.669806	782279	   1924.669885	   1924.669734	0.0	      0.000000	418	326341	
681	 -0.162630	 11.618719	   1924.669608	   1924.669608	782350	   1924.669686	   1924.669535	0.0	      0.000000	418	326341	
682	 -0.143497	 12.728317	   1924.669508	   1924.669508	782386	   1924.669586	   1924.669435	0.0	      0.000000	418	326341	
683	 -0.143497	 12.423881	   1924.669407	   1924.669407	782422	   1924.669485	   1924.669334	0.0	      0.000000	418	326341	
684	 -0.143497	 12.866400	   1924.669306	   1924.669306	782458	   1924.669385	   1924.669234	0.0	      0.000000	418	326341	
685	 -0.162630	 12.940358	   1924.669209	   1924.669209	782493	   1924.669287	   1924.669136	0.0	      0.000000	418	326341	
686	 -0.143497	 12.601852	   1924.669108	   1924.669108	782529	   1924.669186	   1924.669035	0.0	      0.000000	418	326341	
687	 -0.143497	 13.048653	   1924.669007	   1924.669007	782565	   1924.669086	   1924.668935	0.0	      0.000000	418	326341	
688	 -0.143497	 14.054656	   1924.668907	   1924.668907	782601	   1924.668985	   1924.668834	0.0	      0.000000	418	326341	
689	 -0.162630	 12.807306	   1924.668809	   1924.668809	782636	   1924.668887	   1924.668736	0.0	      0.000000	418	326341	
690	 -0.162630	 13.510111	   1924.668708	   1924.668708	782672	   1924.668787	   1924.668636	0.0	      0.000000	418	326341	
691	 -0.143497	 13.061473	   1924.668608	   1924.668608	782708	   1924.668686	   1924.668535	0.0	      0.000000	418	326341	
692	 -0.143497	 13.532769	   1924.668507	   1924.668507	782744	   1924.668586	   1924.668435	0.0	      0.000000	418	326341	
693	 -0.143497	 12.545569	   1924.668407	   1924.668407	782780	   1924.668485	   1924.668334	0.0	      0.000000	418	326341	
694	 -0.162630	 13.303455	   1924.668309	   1924.668309	782815	   1924.668387	   1924.668236	0.0	      0.000000	418	326341	
695	 -0.162630	 13.539779	   1924.668208	   1924.668208	782851	   1924.668287	   1924.668136	0.0	      0.000000	418	326341	
696	 -0.143497	 13.329890	   1924.668108	   1924.668108	782887	   1924.668186	   1924.668035	0.0	      0.000000	418	326341	
697	 -0.143497	 13.538712	   1924.668007	   1924.668007	782923	   1924.668085	   1924.667935	0.0	      0.000000	418	326341	
698	 -0.143497	 13.109771	   1924.667907	   1924.667907	782959	   1924.667985	   1924.667834	0.0	      0.000000	418	326341	
699	 -0.162630	 13.200829	   1924.667809	   1924.667809	782994	   1924.667887	   1924.667736	0.0	      0.000000	418	326341	
700	 -0.162630	 13.245907	   1924.667708	   1924.667708	783030	   1924.667786	   1924.667636	0.0	      0.000000	418	326341	
701	 -0.133931	 10.802783	   1921.220936	   1921.220936	968102	   1921.221014	   1921.220863	0.0	      0.000000	419	359372	
702	 -0.133931	 11.734992	   1921.220835	   1921.220835	968138	   1921.220913	   1921.220762	0.0	      0.000000	419	359372	
703	 -0.133931	 10.301662	   1921.220734	   1921.220734	968174	   1921.220813	   1921.220662	0.0	      0.000000	419	359372	
704	 -0.133931	 11.219338	   1921.220536	   1921.220536	968245	   1921.220614	   1921.220463	0.0	      0.000000	419	359372	
705	 -0.133931	 13.136325	   1921.220435	   1921.220435	968281	   1921.220514	   1921.220363	0.0	      0.000000	419	359372	
706	 -0.133931	 12.958853	   1921.220335	   1921.220335	968317	   1921.220413	   1921.220262	0.0	      0.000000	419	359372	
707	 -0.133931	 13.300287	   1921.220036	   1921.220036	968424	   1921.220114	   1921.219963	0.0	      0.000000	419	359372	
708	 -0.133931	 15.220544	   1921.219935	   1921.219935	968460	   1921.220013	   1921.219863	0.0	      0.000000	419	359372	
709	 -0.133931	 13.963306	   1921.219835	   1921.219835	968496	   1921.219913	   1921.219762	0.0	      0.000000	419	359372	
710	 -0.133931	 14.875066	   1921.219536	   1921.219536	968603	   1921.219614	   1921.219463	0.0	      0.000000	419	359372	
711	 -0.133931	 16.303135	   1921.219435	   1921.219435	968639	   1921.219513	   1921.219363	0.0	      0.000000	419	359372	
712	 -0.133931	 15.607539	   1921.219335	   1921.219335	968675	   1921.219413	   1921.219262	0.0	      0.000000	419	359372	
713	 -0.133931	 17.670107	   1921.219036	   1921.219036	968782	   1921.219114	   1921.218963	0.0	      0.000000	419	359372	
714	 -0.133931	 17.243593	   1921.218935	   1921.218935	968818	   1921.219013	   1921.218862	0.0	      0.000000	419	359372	
715	 -0.133931	 16.222885	   1921.218834	   1921.218834	968854	   1921.218913	   1921.218762	0.0	      0.000000	419	359372	
716	 -0.133931	 17.890182	   1921.218535	   1921.218535	968961	   1921.218614	   1921.218463	0.0	      0.000000	419	359372	
717	 -0.133931	 18.557281	   1921.218435	   1921.218435	968997	   1921.218513	   1921.218362	0.0	      0.000000	419	359372	
718	 -0.133931	 17.185966	   1921.218136	   1921.218136	969104	   1921.218214	   1921.218063	0.0	      0.000000	419	359372	
719	 -0.133931	 18.668657	   1921.218035	   1921.218035	969140	   1921.218114	   1921.217963	0.0	      0.000000	419	359372	
720	 -0.133931	 18.546946	   1921.217935	   1921.217935	969176	   1921.218013	   1921.217862	0.0	      0.000000	419	359372	
721	 -0.133931	 17.721626	   1921.217636	   1921.217636	969283	   1921.217714	   1921.217563	0.0	      0.000000	419	359372	
722	 -0.133931	 19.837561	   1921.217535	   1921.217535	969319	   1921.217613	   1921.217463	0.0	      0.000000	419	359372	
723	 -0.133931	 17.807623	   1921.217435	   1921.217435	969355	   1921.217513	   1921.217362	0.0	      0.000000	419	359372	
724	 -0.133931	 17.873009	   1921.217136	   1921.217136	969462	   1921.217214	   1921.217063	0.0	      0.000000	419	359372	
725	 -0.133931	 17.990261	   1921.217035	   1921.217035	969498	   1921.217113	   1921.216962	0.0	      0.000000	419	359372	
726	 -0.133931	 16.291864	   1921.216935	   1921.216935	969534	   1921.217013	   1921.216862	0.0	      0.000000	419	359372	
727	 -0.133931	 16.835535	   1921.216636	   1921.216636	969641	   1921.216714	   1921.216563	0.0	      0.000000	419	359372	
728	 -0.133931	 16.872509	   1921.216535	   1921.216535	969677	   1921.216613	   1921.216462	0.0	      0.000000	419	359372	
729	 -0.133931	 14.901938	   1921.216434	   1921.216434	969713	   1921.216513	   1921.216362	0.0	      0.000000	419	359372	
730	 -0.133931	 16.476280	   1921.216135	   1921.216135	969820	   1921.216214	   1921.216063	0.0	      0.000000	419	359372	
731	 -0.133931	 14.495411	   1921.216035	   1921.216035	969856	   1921.216113	   1921.215962	0.0	      0.000000	419	359372	
732	 -0.133931	 13.255515	   1921.215736	   1921.215736	969963	   1921.215814	   1921.215663	0.0	      0.000000	419	359372	
733	 -0.133931	 13.522625	   1921.215635	   1921.215635	969999	   1921.215714	   1921.215563	0.0	      0.000000	419	359372	
734	 -0.133931	 13.108098	   1921.215535	   1921.215535	970035	   1921.215613	   1921.215462	0.0	      0.000000	419	359372	
735	 -0.133931	 11.340366	   1921.215135	   1921.215135	970178	   1921.215213	   1921.215063	0.0	      0.000000	419	359372	
736	 -0.133931	 10.864070	   1921.215035	   1921.215035	970214	   1921.215113	   1921.214962	0.0	      0.000000	419	359372	
737	 -0.133931	 11.220284	   1921.203236	   1921.203236	974437	   1921.203314	   1921.203163	0.0	      0.000000	419	359372	
738	 -0.133931	 12.341828	   1921.203135	   1921.203135	974473	   1921.203213	   1921.203062	0.0	      0.000000	419	359372	
739	 -0.133931	 11.046678	   1921.203035	   1921.203035	974509	   1921.203113	   1921.202962	0.0	      0.000000	419	359372	
740	 -0.133931	 13.336337	   1921.202736	   1921.202736	974616	   1921.202814	   1921.202663	0.0	      0.000000	419	359372	
741	 -0.133931	 13.429922	   1921.202635	   1921.202635	974652	   1921.202713	   1921.202562	0.0	      0.000000	419	359372	
742	 -0.133931	 13.076295	   1921.202336	   1921.202336	974759	   1921.202414	   1921.202263	0.0	      0.000000	419	359372	
743	 -0.133931	 14.445210	   1921.202235	   1921.202235	974795	   1921.202314	   1921.202163	0.0	      0.000000	419	359372	
744	 -0.133931	 14.837945	   1921.202135	   1921.202135	974831	   1921.202213	   1921.202062	0.0	      0.000000	419	359372	
745	 -0.133931	 13.467775	   1921.202034	   1921.202034	974867	   1921.202113	   1921.201962	0.0	      0.000000	419	359372	
746	 -0.133931	 14.723431	   1921.201836	   1921.201836	974938	   1921.201914	   1921.201763	0.0	      0.000000	419	359372	
747	 -0.133931	 16.744940	   1921.201735	   1921.201735	974974	   1921.201814	   1921.201663	0.0	      0.000000	419	359372	
748	 -0.133931	 16.152763	   1921.201635	   1921.201635	975010	   1921.201713	   1921.201562	0.0	      0.000000	419	359372	
749	 -0.133931	 15.756735	   1921.201336	   1921.201336	975117	   1921.201414	   1921.201263	0.0	      0.000000	419	359372	
750	 -0.133931	 17.024349	   1921.201235	   1921.201235	975153	   1921.201313	   1921.201163	0.0	      0.000000	419	359372	
751	 -0.133931	 16.263737	   1921.201135	   1921.201135	975189	   1921.201213	   1921.201062	0.0	      0.000000	419	359372	
752	 -0.133931	 16.867525	   1921.200836	   1921.200836	975296	   1921.200914	   1921.200763	0.0	      0.000000	419	359372	
753	 -0.133931	 17.968687	   1921.200735	   1921.200735	975332	   1921.200813	   1921.200662	0.0	      0.000000	419	359372	
754	 -0.133931	 16.049849	   1921.200635	   1921.200635	975368	   1921.200713	   1921.200562	0.0	      0.000000	419	359372	
755	 -0.133931	 17.028948	   1921.200336	   1921.200336	975475	   1921.200414	   1921.200263	0.0	      0.000000	419	359372	
756	 -0.133931	 17.429617	   1921.200235	   1921.200235	975511	   1921.200313	   1921.200162	0.0	      0.000000	419	359372	
757	 -0.133931	 15.816748	   1921.200134	   1921.200134	975547	   1921.200213	   1921.200062	0.0	      0.000000	419	359372	
758	 -0.133931	 16.301594	   1921.199936	   1921.199936	975618	   1921.200014	   1921.199863	0.0	      0.000000	419	359372	
759	 -0.133931	 17.598057	   1921.199835	   1921.199835	975654	   1921.199914	   1921.199763	0.0	      0.000000	419	359372	
760	 -0.133931	 17.395994	   1921.199735	   1921.199735	975690	   1921.199813	   1921.199662	0.0	      0.000000	419	359372	
761	 -0.133931	 16.419903	   1921.199436	   1921.199436	975797	   1921.199514	   1921.199363	0.0	      0.000000	419	359372	
762	 -0.133931	 16.832195	   1921.199335	   1921.199335	975833	   1921.199414	   1921.199263	0.0	      0.000000	419	359372	
763	 -0.133931	 15.922964	   1921.199235	   1921.199235	975869	   1921.199313	   1921.199162	0.0	      0.000000	419	359372	
764	 -0.133931	 15.229171	   1921.198936	   1921.198936	975976	   1921.199014	   1921.198863	0.0	      0.000000	419	359372	
765	 -0.133931	 16.116587	   1921.198835	   1921.198835	976012	   1921.198913	   1921.198763	0.0	      0.000000	419	359372	
766	 -0.133931	 13.825131	   1921.198735	   1921.198735	976048	   1921.198813	   1921.198662	0.0	      0.000000	419	359372	
767	 -0.133931	 14.415270	   1921.198436	   1921.198436	976155	   1921.198514	   1921.198363	0.0	      0.000000	419	359372	
768	 -0.133931	 13.933952	   1921.198335	   1921.198335	976191	   1921.198413	   1921.198262	0.0	      0.000000	419	359372	
769	 -0.133931	 12.308158	   1921.198235	   1921.198235	976227	   1921.198313	   1921.198162	0.0	      0.000000	419	359372	
770	 -0.133931	 12.472265	   1921.197936	   1921.197936	976334	   1921.198014	   1921.197863	0.0	      0.000000	419	359372	
771	 -0.133931	 11.711537	   1921.197835	   1921.197835	976370	   1921.197913	   1921.197762	0.0	      0.000000	419	359372	
772	 -0.133931	 10.743954	   1921.197734	   1921.197734	976406	   1921.197813	   1921.197662	0.0	      0.000000	419	359372	
773	 -0.133931	 10.351034	   1921.197435	   1921.197435	976513	   1921.197514	   1921.197363	0.0	      0.000000	419	359372	
774	 -0.133931	 10.342877	   1921.183535	   1921.183535	981488	   1921.183614	   1921.183463	0.0	      0.000000	419	359372	
775	 -0.133931	 10.007356	   1921.183435	   1921.183435	981524	   1921.183513	   1921.183362	0.0	      0.000000	419	359372	
776	 -0.133931	 10.282947	   1921.183136	   1921.183136	981631	   1921.183214	   1921.183063	0.0	      0.000000	419	359372	
777	 -0.133931	 10.759971	   1921.183035	   1921.183035	981667	   1921.183114	   1921.182963	0.0	      0.000000	419	359372	
778	 -0.133931	 10.364891	   1921.182935	   1921.182935	981703	   1921.183013	   1921.182862	0.0	      0.000000	419	359372	
779	 -0.133931	 10.270799	   1921.182636	   1921.182636	981810	   1921.182714	   1921.182563	0.0	      0.000000	419	359372	
780	 -0.133931	 11.603739	   1921.182535	   1921.182535	981846	   1921.182613	   1921.182463	0.0	      0.000000	419	359372	
781	 -0.133931	 10.858584	   1921.182435	   1921.182435	981882	   1921.182513	   1921.182362	0.0	      0.000000	419	359372	
782	 -0.133931	 11.320601	   1921.182136	   1921.182136	981989	   1921.182214	   1921.182063	0.0	      0.000000	419	359372	
783	 -0.133931	 11.247977	   1921.182035	   1921.182035	982025	   1921.182113	   1921.181962	0.0	      0.000000	419	359372	
784	 -0.133931	 10.742551	   1921.181935	   1921.181935	982061	   1921.182013	   1921.181862	0.0	      0.000000	419	359372	
785	 -0.133931	 10.086324	   1921.181736	   1921.181736	982132	   1921.181814	   1921.181663	0.0	      0.000000	419	359372	
786	 -0.133931	 11.316054	   1921.181636	   1921.181636	982168	   1921.181714	   1921.181563	0.0	      0.000000	419	359372	
787	 -0.133931	 11.055747	   1921.181535	   1921.181535	982204	   1921.181613	   1921.181462	0.0	      0.000000	419	359372	
788	 -0.133931	 11.260375	   1921.181135	   1921.181135	982347	   1921.181214	   1921.181063	0.0	      0.000000	419	359372	
789	 -0.133931	 10.643602	   1921.181035	   1921.181035	982383	   1921.181113	   1921.180962	0.0	      0.000000	419	359372	
790	 -0.133931	 10.566868	   1921.180635	   1921.180635	982526	   1921.180714	   1921.180563	0.0	      0.000000	419	359372	
791	  0.133931	 10.784156	   1846.289060	   1846.289060	524289	   1846.289138	   1846.288987	0.0	      0.000000	445	27	
792	 -0.162630	 14.200339	   1840.429690	   1840.429690	524287	   1840.429769	   1840.429618	0.0	      0.000000	447	120	
793	 -0.181763	 13.897984	   1774.983533	   1774.983533	879707	   1774.983612	   1774.983461	0.0	      0.000000	469	5125	
794	  0.162630	 13.152374	   1712.506339	   1712.506339	172494	   1712.506417	   1712.506266	0.0	      0.000000	491	8269	
