# -------------------------- o --------------------------
# File ID: spliced_blc0x1x2x_guppi_59524_16875_ON_S_0032.rawspec.0000.h5 
# -------------------------- o --------------------------
# Source:ON_S
# MJD: 59524.195312500000	RA: 2h39m22.896s	DEC: 60d52m06.96s
# DELTAT:  18.253611	DELTAF(Hz):  -2.793968	max_drift_rate:  31.515000	obs_length: 292.057776
# --------------------------
# Top_Hit_# 	Drift_Rate 	SNR 	Uncorrected_Frequency 	Corrected_Frequency 	Index 	freq_start 	freq_end 	SEFD 	SEFD_freq 	Coarse_Channel_Number 	Full_number_of_hits 	
# --------------------------
001	 -0.009566	362.620453	   3150.900373	   3150.900373	202032	   3150.913233	   3150.887518	0.0	      0.000000	0	71369965	
002	 -0.000000	3194.398438	   3150.600248	   3150.600248	309451	   3150.613108	   3150.587393	0.0	      0.000000	0	71369965	
003	  0.009566	290.927673	   3150.488182	   3150.488182	349561	   3150.501042	   3150.475327	0.0	      0.000000	0	71369965	
004	 -0.000000	265306.187500	   3150.300122	   3150.300122	416870	   3150.312983	   3150.287267	0.0	      0.000000	0	71369965	
005	 -0.057399	611.610107	   3150.244103	   3150.244103	436920	   3150.256964	   3150.231248	0.0	      0.000000	0	71369965	
006	  0.009566	 22.031073	   3150.188062	   3150.188062	456978	   3150.200923	   3150.175207	0.0	      0.000000	0	71369965	
007	  0.028699	 18.143427	   3150.168091	   3150.168091	464126	   3150.180951	   3150.155236	0.0	      0.000000	0	71369965	
008	 -0.076532	 26.905691	   3150.132023	   3150.132023	477035	   3150.144884	   3150.119168	0.0	      0.000000	0	71369965	
009	  0.095665	 37.101578	   3150.112058	   3150.112058	484181	   3150.124918	   3150.099203	0.0	      0.000000	0	71369965	
010	 -0.000000	207.116943	   3150.091553	   3150.091553	491520	   3150.104413	   3150.078698	0.0	      0.000000	0	71369965	
011	 -0.000000	 79.018188	   3150.042669	   3150.042669	509016	   3150.055530	   3150.029814	0.0	      0.000000	0	71369965	
012	 -0.000000	 58.819283	   3150.021664	   3150.021664	516534	   3150.034525	   3150.008809	0.0	      0.000000	0	71369965	
013	 -0.000000	132852.265625	   3149.999997	   3149.999997	524289	   3150.012858	   3149.987142	0.0	      0.000000	0	71369965	
014	 -0.000000	 58.819286	   3149.978336	   3149.978336	532042	   3149.991196	   3149.965481	0.0	      0.000000	0	71369965	
015	 -0.000000	 79.018188	   3149.957331	   3149.957331	539560	   3149.970191	   3149.944475	0.0	      0.000000	0	71369965	
016	 -0.000000	207.116974	   3149.908447	   3149.908447	557056	   3149.921308	   3149.895592	0.0	      0.000000	0	71369965	
017	 -0.095665	 37.101578	   3149.887942	   3149.887942	564395	   3149.900803	   3149.875087	0.0	      0.000000	0	71369965	
018	  0.076532	 26.905691	   3149.867977	   3149.867977	571541	   3149.880837	   3149.855122	0.0	      0.000000	0	71369965	
019	 -0.028699	 18.143427	   3149.831909	   3149.831909	584450	   3149.844770	   3149.819054	0.0	      0.000000	0	71369965	
020	 -0.009566	 22.031075	   3149.811938	   3149.811938	591598	   3149.824799	   3149.799083	0.0	      0.000000	0	71369965	
021	  0.057399	611.610107	   3149.755897	   3149.755897	611656	   3149.768757	   3149.743042	0.0	      0.000000	0	71369965	
022	 -0.000000	265306.156250	   3149.699878	   3149.699878	631706	   3149.712738	   3149.687023	0.0	      0.000000	0	71369965	
023	 -0.009566	290.927704	   3149.511818	   3149.511818	699015	   3149.524679	   3149.498963	0.0	      0.000000	0	71369965	
024	 -0.000000	3194.398193	   3149.399752	   3149.399752	739125	   3149.412613	   3149.386897	0.0	      0.000000	0	71369965	
025	  0.009566	362.620453	   3149.099627	   3149.099627	846544	   3149.112488	   3149.086772	0.0	      0.000000	0	71369965	
026	 24.729376	313.038147	   3147.064898	   3147.064898	526226	   3147.077758	   3147.052043	0.0	      0.000000	1	281049	
027	 -0.000000	1069.083618	   3146.314114	   3146.314114	794942	   3146.326975	   3146.301259	0.0	      0.000000	1	281049	
028	 -0.000000	1713.700806	   3145.557913	   3145.557913	17021	   3145.570773	   3145.545058	0.0	      0.000000	2	423246	
029	 -0.000000	138.404037	   3144.903124	   3144.903124	251379	   3144.915985	   3144.890269	0.0	      0.000000	2	423246	
030	 -0.000000	229.905182	   3144.471171	   3144.471171	405981	   3144.484032	   3144.458316	0.0	      0.000000	2	423246	
031	 -0.822718	123.675842	   3144.140809	   3144.140809	524222	   3144.153670	   3144.127954	0.0	      0.000000	2	423246	
032	 -0.000000	 13.920637	   3143.365400	   3143.365400	801752	   3143.378260	   3143.352544	0.0	      0.000000	2	423246	
033	 -0.000000	 39.933456	   3143.088962	   3143.088962	900693	   3143.101822	   3143.076107	0.0	      0.000000	2	423246	
034	 -0.000000	 11.369096	   3142.996811	   3142.996811	933675	   3143.009672	   3142.983956	0.0	      0.000000	2	423246	
035	 -0.000000	3245.746338	   3142.628225	   3142.628225	17021	   3142.641086	   3142.615370	0.0	      0.000000	3	2183715	
036	 -0.000000	 12.426550	   3142.167491	   3142.167491	181924	   3142.180352	   3142.154636	0.0	      0.000000	3	2183715	
037	 -0.000000	 19.462332	   3141.891054	   3141.891054	280865	   3141.903914	   3141.878198	0.0	      0.000000	3	2183715	
038	 -0.000000	 66.855690	   3141.706755	   3141.706755	346828	   3141.719616	   3141.693900	0.0	      0.000000	3	2183715	
039	 -0.000000	 68.619003	   3141.246019	   3141.246019	511732	   3141.258879	   3141.233164	0.0	      0.000000	3	2183715	
040	 -6.753942	100.738312	   3141.212416	   3141.212416	523759	   3141.225276	   3141.199560	0.0	      0.000000	3	2183715	
041	 -0.000000	55138.738281	   3140.785282	   3140.785282	676636	   3140.798143	   3140.772427	0.0	      0.000000	3	2183715	
042	 -0.000000	 10.088766	   3140.693131	   3140.693131	709618	   3140.705992	   3140.680276	0.0	      0.000000	3	2183715	
043	 -0.000000	 18.445108	   3140.508847	   3140.508847	775576	   3140.521708	   3140.495992	0.0	      0.000000	3	2183715	
044	 -0.000000	 44.645969	   3140.416696	   3140.416696	808558	   3140.429557	   3140.403841	0.0	      0.000000	3	2183715	
045	 -0.000000	 14.517430	   3140.324548	   3140.324548	841539	   3140.337409	   3140.311693	0.0	      0.000000	3	2183715	
046	 -0.000000	 16.333284	   3140.140247	   3140.140247	907503	   3140.153108	   3140.127392	0.0	      0.000000	3	2183715	
047	 -0.000000	 61.469746	   3140.048110	   3140.048110	940480	   3140.060971	   3140.035255	0.0	      0.000000	3	2183715	
048	 -0.000000	 97.220558	   3140.000001	   3140.000001	957699	   3140.012862	   3139.987146	0.0	      0.000000	3	2183715	
049	 -0.000000	 29.790718	   3139.863812	   3139.863812	1006443	   3139.876673	   3139.850957	0.0	      0.000000	3	2183715	
050	  0.009566	 79.935730	   3139.806245	   3139.806245	1027047	   3139.819106	   3139.793390	0.0	      0.000000	3	2183715	
051	 -0.000000	 10.105521	   3139.679511	   3139.679511	23831	   3139.692371	   3139.666656	0.0	      0.000000	4	1099368	
052	 -0.000000	 14.504577	   3139.310925	   3139.310925	155753	   3139.323786	   3139.298070	0.0	      0.000000	4	1099368	
053	 -0.000000	6225.101562	   3138.942339	   3138.942339	287675	   3138.955200	   3138.929484	0.0	      0.000000	4	1099368	
054	 30.957161	127.552284	   3138.274466	   3138.274466	526716	   3138.287327	   3138.261611	0.0	      0.000000	4	1099368	
055	 -0.000000	 12.784859	   3138.020869	   3138.020869	617482	   3138.033730	   3138.008014	0.0	      0.000000	4	1099368	
056	 -0.009566	 10.191300	   3137.925916	   3137.925916	651467	   3137.938777	   3137.913061	0.0	      0.000000	4	1099368	
057	 -0.000000	 12.943904	   3137.467982	   3137.467982	815368	   3137.480843	   3137.455127	0.0	      0.000000	4	1099368	
058	 -0.000000	4478.286133	   3137.099396	   3137.099396	947290	   3137.112257	   3137.086541	0.0	      0.000000	4	1099368	
059	  0.009566	 31.561171	   3136.876558	   3136.876558	1027047	   3136.889418	   3136.863703	0.0	      0.000000	4	1099368	
060	 -0.000000	 25.216131	   3136.711783	   3136.711783	37446	   3136.724644	   3136.698928	0.0	      0.000000	5	1236289	
061	 -0.000000	 22.678692	   3136.638660	   3136.638660	63618	   3136.651520	   3136.625805	0.0	      0.000000	5	1236289	
062	 -0.000000	 13.641863	   3136.362224	   3136.362224	162558	   3136.375085	   3136.349369	0.0	      0.000000	5	1236289	
063	 -0.000000	 11.367347	   3135.717189	   3135.717189	393425	   3135.730050	   3135.704334	0.0	      0.000000	5	1236289	
064	 -0.000000	 11.514096	   3135.625039	   3135.625039	426407	   3135.637899	   3135.612184	0.0	      0.000000	5	1236289	
065	 26.068686	136.509567	   3135.345849	   3135.345849	526333	   3135.358709	   3135.332994	0.0	      0.000000	5	1236289	
066	 -0.000000	56704.609375	   3135.256453	   3135.256453	558329	   3135.269314	   3135.243598	0.0	      0.000000	5	1236289	
067	 -0.000000	 10.226825	   3135.072155	   3135.072155	624292	   3135.085015	   3135.059300	0.0	      0.000000	5	1236289	
068	 -0.000000	 33.558464	   3134.887867	   3134.887867	690251	   3134.900728	   3134.875012	0.0	      0.000000	5	1236289	
069	 -0.000000	 69.750710	   3134.795717	   3134.795717	723233	   3134.808577	   3134.782862	0.0	      0.000000	5	1236289	
070	  0.124364	 18.190691	   3134.725485	   3134.725485	748370	   3134.738345	   3134.712630	0.0	      0.000000	5	1236289	
071	 -0.000000	 20.243362	   3134.703566	   3134.703566	756215	   3134.716427	   3134.690711	0.0	      0.000000	5	1236289	
072	 -0.000000	 27.670033	   3134.611418	   3134.611418	789196	   3134.624279	   3134.598563	0.0	      0.000000	5	1236289	
073	 -0.000000	120.306915	   3134.519281	   3134.519281	822173	   3134.532142	   3134.506426	0.0	      0.000000	5	1236289	
074	 -0.000000	 53.153477	   3134.427131	   3134.427131	855155	   3134.439991	   3134.414276	0.0	      0.000000	5	1236289	
075	 -0.000000	 46.532974	   3134.334980	   3134.334980	888137	   3134.347841	   3134.322125	0.0	      0.000000	5	1236289	
076	 -0.000000	 63.193237	   3134.242829	   3134.242829	921119	   3134.255690	   3134.229974	0.0	      0.000000	5	1236289	
077	 -0.000000	 10.992346	   3134.169709	   3134.169709	947290	   3134.182569	   3134.156854	0.0	      0.000000	5	1236289	
078	 -0.000000	140.111725	   3134.150682	   3134.150682	954100	   3134.163542	   3134.137827	0.0	      0.000000	5	1236289	
079	 -0.000000	 53.762104	   3134.058545	   3134.058545	987077	   3134.071406	   3134.045690	0.0	      0.000000	5	1236289	
080	 -0.000000	181.829742	   3133.782096	   3133.782096	37446	   3133.794956	   3133.769241	0.0	      0.000000	6	2886598	
081	 -0.000000	 16.008150	   3133.689945	   3133.689945	70428	   3133.702806	   3133.677090	0.0	      0.000000	6	2886598	
082	 -0.000000	 63.933064	   3133.597809	   3133.597809	103405	   3133.610669	   3133.584953	0.0	      0.000000	6	2886598	
083	 -0.000000	 55.522556	   3133.505661	   3133.505661	136386	   3133.518521	   3133.492806	0.0	      0.000000	6	2886598	
084	 -0.000000	69421.906250	   3133.413510	   3133.413510	169368	   3133.426371	   3133.400655	0.0	      0.000000	6	2886598	
085	 -0.000000	 58.522739	   3133.321359	   3133.321359	202350	   3133.334220	   3133.308504	0.0	      0.000000	6	2886598	
086	 -0.000000	 46.522697	   3133.229209	   3133.229209	235332	   3133.242069	   3133.216354	0.0	      0.000000	6	2886598	
087	 -0.000000	106.342072	   3133.137072	   3133.137072	268309	   3133.149933	   3133.124217	0.0	      0.000000	6	2886598	
088	 -0.000000	168.481796	   3133.044924	   3133.044924	301290	   3133.057785	   3133.032069	0.0	      0.000000	6	2886598	
089	 -0.000000	 39.605301	   3132.952774	   3132.952774	334272	   3132.965634	   3132.939919	0.0	      0.000000	6	2886598	
090	 -0.000000	214.503326	   3132.676336	   3132.676336	433213	   3132.689196	   3132.663481	0.0	      0.000000	6	2886598	
091	 -0.000000	 69.799950	   3132.584188	   3132.584188	466194	   3132.597048	   3132.571333	0.0	      0.000000	6	2886598	
092	 -0.000000	 94.382133	   3132.492037	   3132.492037	499176	   3132.504898	   3132.479182	0.0	      0.000000	6	2886598	
093	-13.756612	132.811478	   3132.424887	   3132.424887	523210	   3132.437748	   3132.412032	0.0	      0.000000	6	2886598	
094	 -0.000000	 88.253548	   3132.399886	   3132.399886	532158	   3132.412747	   3132.387031	0.0	      0.000000	6	2886598	
095	 -0.000000	221.707306	   3132.307739	   3132.307739	565139	   3132.320599	   3132.294884	0.0	      0.000000	6	2886598	
096	 -0.000000	 19.639332	   3132.215602	   3132.215602	598116	   3132.228463	   3132.202747	0.0	      0.000000	6	2886598	
097	 -0.000000	 35.967854	   3132.123451	   3132.123451	631098	   3132.136312	   3132.110596	0.0	      0.000000	6	2886598	
098	 -0.000000	 14.859857	   3132.031301	   3132.031301	664080	   3132.044161	   3132.018446	0.0	      0.000000	6	2886598	
099	 -0.000000	 29.189867	   3131.939150	   3131.939150	697062	   3131.952011	   3131.926295	0.0	      0.000000	6	2886598	
100	 -0.000000	 14.348881	   3131.847002	   3131.847002	730043	   3131.859863	   3131.834147	0.0	      0.000000	6	2886598	
101	 -0.000000	4974.410156	   3131.570567	   3131.570567	828983	   3131.583428	   3131.557712	0.0	      0.000000	6	2886598	
102	 -0.000000	 12.922940	   3131.386266	   3131.386266	894947	   3131.399126	   3131.373411	0.0	      0.000000	6	2886598	
103	 -0.000000	 10.707383	   3131.294129	   3131.294129	927924	   3131.306990	   3131.281274	0.0	      0.000000	6	2886598	
104	 -0.000000	1844.808228	   3130.814366	   3130.814366	51062	   3130.827226	   3130.801511	0.0	      0.000000	7	1122112	
105	 -0.000000	 46.650600	   3130.649094	   3130.649094	110215	   3130.661955	   3130.636239	0.0	      0.000000	7	1122112	
106	 -0.000000	 12.534345	   3130.556943	   3130.556943	143197	   3130.569804	   3130.544088	0.0	      0.000000	7	1122112	
107	 -0.000000	 21.692495	   3130.458702	   3130.458702	178359	   3130.471563	   3130.445847	0.0	      0.000000	7	1122112	
108	 -0.000000	 34.277267	   3130.188358	   3130.188358	275119	   3130.201218	   3130.175503	0.0	      0.000000	7	1122112	
109	 -0.000000	 42.342846	   3130.089999	   3130.089999	310323	   3130.102859	   3130.077144	0.0	      0.000000	7	1122112	
110	 -0.000000	2179.133301	   3130.000000	   3130.000000	342535	   3130.012860	   3129.987144	0.0	      0.000000	7	1122112	
111	 -0.000000	 11.700359	   3129.911922	   3129.911922	374059	   3129.924783	   3129.899067	0.0	      0.000000	7	1122112	
112	 -0.000000	12826.385742	   3129.727621	   3129.727621	440023	   3129.740482	   3129.714766	0.0	      0.000000	7	1122112	
113	  1.999396	122.943878	   3129.491752	   3129.491752	524444	   3129.504612	   3129.478897	0.0	      0.000000	7	1122112	
114	 -0.000000	 16.452785	   3129.451186	   3129.451186	538963	   3129.464047	   3129.438331	0.0	      0.000000	7	1122112	
115	 -0.000000	 28.871492	   3129.359035	   3129.359035	571945	   3129.371896	   3129.346180	0.0	      0.000000	7	1122112	
116	 -0.000000	 15.319039	   3129.266888	   3129.266888	604926	   3129.279748	   3129.254032	0.0	      0.000000	7	1122112	
117	 -0.000000	 29.009792	   3128.990450	   3128.990450	703867	   3129.003310	   3128.977595	0.0	      0.000000	7	1122112	
118	 -0.000000	 12.819695	   3128.621853	   3128.621853	835793	   3128.634713	   3128.608998	0.0	      0.000000	7	1122112	
119	 -0.000000	 14.580939	   3128.529713	   3128.529713	868771	   3128.542574	   3128.516858	0.0	      0.000000	7	1122112	
120	 -0.000000	25374.480469	   3127.884678	   3127.884678	51062	   3127.897539	   3127.871823	0.0	      0.000000	8	844352	
121	 -0.000000	 19.436420	   3127.423942	   3127.423942	215966	   3127.436802	   3127.411087	0.0	      0.000000	8	844352	
122	 -0.000000	 12.340637	   3127.239643	   3127.239643	281929	   3127.252504	   3127.226788	0.0	      0.000000	8	844352	
123	 -0.000000	 49.588749	   3127.147507	   3127.147507	314906	   3127.160367	   3127.134652	0.0	      0.000000	8	844352	
124	 -0.000000	 25.997684	   3126.778907	   3126.778907	446833	   3126.791767	   3126.766052	0.0	      0.000000	8	844352	
125	 -0.000000	 16.801540	   3126.686770	   3126.686770	479810	   3126.699631	   3126.673915	0.0	      0.000000	8	844352	
126	 -0.000000	 14.290058	   3126.594622	   3126.594622	512791	   3126.607483	   3126.581767	0.0	      0.000000	8	844352	
127	-21.381105	125.713608	   3126.567188	   3126.567188	522610	   3126.580049	   3126.554333	0.0	      0.000000	8	844352	
128	 -0.000000	 39.079357	   3126.502472	   3126.502472	545773	   3126.515332	   3126.489617	0.0	      0.000000	8	844352	
129	 -0.000000	 27.695524	   3126.410321	   3126.410321	578755	   3126.423182	   3126.397466	0.0	      0.000000	8	844352	
130	 -0.000000	 16.767921	   3126.318173	   3126.318173	611736	   3126.331034	   3126.305318	0.0	      0.000000	8	844352	
131	 -0.000000	 10.267914	   3126.226034	   3126.226034	644714	   3126.238894	   3126.213179	0.0	      0.000000	8	844352	
132	 -0.000000	3352.941406	   3126.041735	   3126.041735	710677	   3126.054596	   3126.028880	0.0	      0.000000	8	844352	
133	 -0.047832	 14.035378	   3125.971316	   3125.971316	735881	   3125.984177	   3125.958461	0.0	      0.000000	8	844352	
134	 -0.000000	 39.380543	   3125.673149	   3125.673149	842599	   3125.686010	   3125.660294	0.0	      0.000000	8	844352	
135	 -0.000000	 16.833292	   3125.580999	   3125.580999	875581	   3125.593859	   3125.568144	0.0	      0.000000	8	844352	
136	 -0.000000	 15.118676	   3125.396700	   3125.396700	941544	   3125.409561	   3125.383845	0.0	      0.000000	8	844352	
137	 -0.000000	 44.857807	   3125.304564	   3125.304564	974521	   3125.317424	   3125.291708	0.0	      0.000000	8	844352	
138	 -0.000000	 29.210447	   3124.935964	   3124.935964	57872	   3124.948824	   3124.923109	0.0	      0.000000	9	441628	
139	 -0.000000	 31.725197	   3124.659529	   3124.659529	156812	   3124.672389	   3124.646674	0.0	      0.000000	9	441628	
140	 -0.000000	4289.519531	   3124.198792	   3124.198792	321716	   3124.211653	   3124.185937	0.0	      0.000000	9	441628	
141	 12.579934	116.590584	   3123.630052	   3123.630052	525276	   3123.642913	   3123.617197	0.0	      0.000000	9	441628	
142	 -0.000000	 59.584427	   3123.461621	   3123.461621	585560	   3123.474481	   3123.448765	0.0	      0.000000	9	441628	
143	 -0.000000	 24.790062	   3123.369470	   3123.369470	618542	   3123.382330	   3123.356615	0.0	      0.000000	9	441628	
144	 -0.000000	 29.132450	   3123.277319	   3123.277319	651524	   3123.290180	   3123.264464	0.0	      0.000000	9	441628	
145	 -0.000000	 10.495398	   3123.185171	   3123.185171	684505	   3123.198032	   3123.172316	0.0	      0.000000	9	441628	
146	 -0.000000	 63.901100	   3123.093021	   3123.093021	717487	   3123.105881	   3123.080166	0.0	      0.000000	9	441628	
147	 -0.000000	 12.745692	   3122.816586	   3122.816586	816427	   3122.829446	   3122.803731	0.0	      0.000000	9	441628	
148	 -0.000000	 29.992971	   3122.724435	   3122.724435	849409	   3122.737296	   3122.711580	0.0	      0.000000	9	441628	
149	 -0.009566	 10.414069	   3122.709104	   3122.709104	854896	   3122.721965	   3122.696249	0.0	      0.000000	9	441628	
150	 -0.000000	 10.230942	   3122.632284	   3122.632284	882391	   3122.645145	   3122.619429	0.0	      0.000000	9	441628	
151	 -0.000000	2452.138428	   3122.355849	   3122.355849	981331	   3122.368710	   3122.342994	0.0	      0.000000	9	441628	
152	 -0.009566	337.621613	   3122.340312	   3122.340312	986892	   3122.353172	   3122.327457	0.0	      0.000000	9	441628	
153	 -0.000000	 10.469444	   3121.987263	   3121.987263	64677	   3122.000124	   3121.974408	0.0	      0.000000	10	357102	
154	 -0.000000	 16.246630	   3121.895113	   3121.895113	97659	   3121.907973	   3121.882258	0.0	      0.000000	10	357102	
155	 -0.000000	 41.939919	   3121.610058	   3121.610058	199684	   3121.622919	   3121.597203	0.0	      0.000000	10	357102	
156	 -0.000000	 21.011101	   3121.434376	   3121.434376	262563	   3121.447237	   3121.421521	0.0	      0.000000	10	357102	
157	 -0.000000	 10.563690	   3121.333525	   3121.333525	298659	   3121.346386	   3121.320670	0.0	      0.000000	10	357102	
158	 -0.000000	 25.417376	   3121.250078	   3121.250078	328526	   3121.262938	   3121.237223	0.0	      0.000000	10	357102	
159	 -0.000000	 24.170765	   3121.233917	   3121.233917	334310	   3121.246778	   3121.221062	0.0	      0.000000	10	357102	
160	  0.009566	 14.687451	   3120.973640	   3120.973640	427467	   3120.986500	   3120.960785	0.0	      0.000000	10	357102	
161	 -0.000000	 27.169210	   3120.872649	   3120.872649	463613	   3120.885510	   3120.859794	0.0	      0.000000	10	357102	
162	 25.083336	108.985962	   3120.697632	   3120.697632	526254	   3120.710493	   3120.684777	0.0	      0.000000	10	357102	
163	 -0.000000	1467.145630	   3120.512906	   3120.512906	592370	   3120.525767	   3120.500051	0.0	      0.000000	10	357102	
164	 -0.000000	 13.900218	   3120.135254	   3120.135254	727537	   3120.148114	   3120.122399	0.0	      0.000000	10	357102	
165	 -0.000000	 23.546192	   3120.052170	   3120.052170	757274	   3120.065030	   3120.039315	0.0	      0.000000	10	357102	
166	 -0.000000	 28.302038	   3120.000001	   3120.000001	775946	   3120.012861	   3119.987146	0.0	      0.000000	10	357102	
167	 -0.000000	 93.220497	   3119.775732	   3119.775732	856215	   3119.788592	   3119.762877	0.0	      0.000000	10	357102	
168	 -0.000000	 16.726326	   3119.758744	   3119.758744	862295	   3119.771605	   3119.745889	0.0	      0.000000	10	357102	
169	 -0.000000	 22.326483	   3119.683584	   3119.683584	889196	   3119.696444	   3119.670729	0.0	      0.000000	10	357102	
170	 -0.000000	 60.495163	   3119.591433	   3119.591433	922178	   3119.604294	   3119.578578	0.0	      0.000000	10	357102	
171	 -0.000000	 16.483622	   3119.499283	   3119.499283	955160	   3119.512143	   3119.486427	0.0	      0.000000	10	357102	
172	 -0.000000	 61.044720	   3119.426162	   3119.426162	981331	   3119.439022	   3119.413307	0.0	      0.000000	10	357102	
173	 -0.000000	 59.138027	   3119.407135	   3119.407135	988141	   3119.419995	   3119.394280	0.0	      0.000000	10	357102	
174	 -0.000000	 14.337136	   3119.038546	   3119.038546	71488	   3119.051407	   3119.025691	0.0	      0.000000	11	733874	
175	 -0.000000	887.566833	   3118.669963	   3118.669963	203409	   3118.682824	   3118.657108	0.0	      0.000000	11	733874	
176	 -0.009566	424.682892	   3118.652353	   3118.652353	209712	   3118.665213	   3118.639498	0.0	      0.000000	11	733874	
177	 -0.000000	 18.488012	   3118.301377	   3118.301377	335331	   3118.314238	   3118.288522	0.0	      0.000000	11	733874	
178	 -0.000000	 14.636108	   3117.922786	   3117.922786	470834	   3117.935647	   3117.909931	0.0	      0.000000	11	733874	
179	 -4.180556	 99.887917	   3117.774351	   3117.774351	523961	   3117.787212	   3117.761496	0.0	      0.000000	11	733874	
180	 -0.000000	 10.341856	   3117.554075	   3117.554075	602801	   3117.566935	   3117.541220	0.0	      0.000000	11	733874	
181	 -0.000000	348.312012	   3116.827017	   3116.827017	863025	   3116.839878	   3116.814162	0.0	      0.000000	11	733874	
182	 -0.000000	 13.709197	   3115.905547	   3115.905547	144256	   3115.918408	   3115.892692	0.0	      0.000000	12	43746	
183	 -0.000000	 74.027222	   3114.984074	   3114.984074	474064	   3114.996935	   3114.971219	0.0	      0.000000	12	43746	
184	-14.588897	 88.936691	   3114.846949	   3114.846949	523143	   3114.859810	   3114.834094	0.0	      0.000000	12	43746	
185	 -0.000000	 11.021733	   3114.246903	   3114.246903	737908	   3114.259763	   3114.234048	0.0	      0.000000	12	43746	
186	 -0.000000	651.850037	   3113.141131	   3113.141131	85103	   3113.153992	   3113.128276	0.0	      0.000000	13	546450	
187	 -0.000000	 17.732122	   3112.761241	   3112.761241	221071	   3112.774102	   3112.748386	0.0	      0.000000	13	546450	
188	 -0.000000	 15.693603	   3112.680395	   3112.680395	250007	   3112.693255	   3112.667540	0.0	      0.000000	13	546450	
189	 -0.000000	 87.865433	   3112.403960	   3112.403960	348947	   3112.416820	   3112.391105	0.0	      0.000000	13	546450	
190	 -0.000000	 27.437010	   3112.311809	   3112.311809	381929	   3112.324670	   3112.298954	0.0	      0.000000	13	546450	
191	 -0.000000	 37.896324	   3112.219661	   3112.219661	414910	   3112.232522	   3112.206806	0.0	      0.000000	13	546450	
192	 -0.000000	 27.474911	   3112.127510	   3112.127510	447892	   3112.140371	   3112.114655	0.0	      0.000000	13	546450	
193	 -0.000000	 83.466507	   3112.035360	   3112.035360	480874	   3112.048220	   3112.022505	0.0	      0.000000	13	546450	
194	 22.653448	 79.936501	   3111.909098	   3111.909098	526065	   3111.921958	   3111.896243	0.0	      0.000000	13	546450	
195	 -0.000000	 35.759113	   3111.758925	   3111.758925	579814	   3111.771785	   3111.746070	0.0	      0.000000	13	546450	
196	 -0.000000	121.426170	   3111.666774	   3111.666774	612796	   3111.679635	   3111.653919	0.0	      0.000000	13	546450	
197	  0.009566	 16.400593	   3111.574623	   3111.574623	645778	   3111.587484	   3111.561768	0.0	      0.000000	13	546450	
198	 -0.000000	1135.773926	   3111.298188	   3111.298188	744718	   3111.311049	   3111.285333	0.0	      0.000000	13	546450	
199	 -0.000000	 54.433506	   3110.929602	   3110.929602	876640	   3110.942463	   3110.916747	0.0	      0.000000	13	546450	
200	 -0.000000	 29.498659	   3110.837452	   3110.837452	909622	   3110.850312	   3110.824597	0.0	      0.000000	13	546450	
201	 -0.000000	 13.627732	   3110.549039	   3110.549039	1012849	   3110.561899	   3110.536184	0.0	      0.000000	13	546450	
202	 -0.000000	 14.232208	   3110.180330	   3110.180330	96239	   3110.193191	   3110.167475	0.0	      0.000000	14	222817	
203	 -0.000000	 25.920483	   3109.999999	   3109.999999	160782	   3110.012860	   3109.987144	0.0	      0.000000	14	222817	
204	 -0.000000	 14.014483	   3109.811630	   3109.811630	228202	   3109.824490	   3109.798775	0.0	      0.000000	14	222817	
205	 -0.000000	390.189331	   3109.455245	   3109.455245	355757	   3109.468106	   3109.442390	0.0	      0.000000	14	222817	
206	 20.510553	 72.768318	   3108.979885	   3108.979885	525895	   3108.992746	   3108.967030	0.0	      0.000000	14	222817	
207	 -0.000000	 80.751205	   3107.612302	   3107.612302	1015372	   3107.625163	   3107.599447	0.0	      0.000000	14	222817	
208	 -0.000000	 16.321976	   3107.243716	   3107.243716	98718	   3107.256577	   3107.230861	0.0	      0.000000	15	33058	
209	 -0.000000	 12.249352	   3107.151566	   3107.151566	131700	   3107.164426	   3107.138711	0.0	      0.000000	15	33058	
210	 -0.000000	 17.855089	   3106.875128	   3106.875128	230641	   3106.887988	   3106.862273	0.0	      0.000000	15	33058	
211	 -0.000000	 18.877054	   3106.506531	   3106.506531	362567	   3106.519391	   3106.493676	0.0	      0.000000	15	33058	
212	 30.201408	 66.309860	   3106.048074	   3106.048074	526655	   3106.060935	   3106.035219	0.0	      0.000000	15	33058	
213	 -0.009566	 10.389757	   3105.769359	   3105.769359	626411	   3105.782220	   3105.756504	0.0	      0.000000	15	33058	
214	 -0.000000	 39.391678	   3105.755929	   3105.755929	631218	   3105.768789	   3105.743073	0.0	      0.000000	15	33058	
215	 -0.000000	 18.759424	   3105.032185	   3105.032185	890256	   3105.045045	   3105.019330	0.0	      0.000000	15	33058	
216	 -0.000000	 10.791286	   3104.682615	   3104.682615	1015372	   3104.695475	   3104.669760	0.0	      0.000000	15	33058	
217	 -0.000000	 19.716465	   3103.926413	   3103.926413	237451	   3103.939274	   3103.913558	0.0	      0.000000	16	32981	
218	 -0.000000	 29.538229	   3103.912044	   3103.912044	242594	   3103.924905	   3103.899189	0.0	      0.000000	16	32981	
219	 19.458241	 51.722351	   3103.120734	   3103.120734	525815	   3103.133594	   3103.107879	0.0	      0.000000	16	32981	
220	 -0.000000	 19.785431	   3102.083470	   3102.083470	897066	   3102.096331	   3102.070615	0.0	      0.000000	16	32981	
221	 -0.000000	 11.411446	   3101.346299	   3101.346299	112334	   3101.359159	   3101.333444	0.0	      0.000000	17	243552	
222	 -0.000000	 23.067518	   3101.331122	   3101.331122	117766	   3101.343982	   3101.318267	0.0	      0.000000	17	243552	
223	 -0.000000	 10.798316	   3101.162000	   3101.162000	178297	   3101.174861	   3101.149145	0.0	      0.000000	17	243552	
224	 -0.000000	 19.135225	   3101.146765	   3101.146765	183750	   3101.159625	   3101.133910	0.0	      0.000000	17	243552	
225	 -0.009566	 14.474916	   3100.962410	   3100.962410	249733	   3100.975271	   3100.949555	0.0	      0.000000	17	243552	
226	 -0.000000	 16.642483	   3100.685886	   3100.685886	348705	   3100.698746	   3100.673031	0.0	      0.000000	17	243552	
227	 -0.000000	 17.293257	   3100.609113	   3100.609113	376183	   3100.621974	   3100.596258	0.0	      0.000000	17	243552	
228	 -0.000000	 32.957115	   3100.593707	   3100.593707	381697	   3100.606568	   3100.580852	0.0	      0.000000	17	243552	
229	 -0.000000	689.856995	   3100.240527	   3100.240527	508105	   3100.253388	   3100.227672	0.0	      0.000000	17	243552	
230	 -0.000000	679.998840	   3100.225007	   3100.225007	513660	   3100.237867	   3100.212152	0.0	      0.000000	17	243552	
231	 26.613974	 55.462791	   3100.189484	   3100.189484	526374	   3100.202345	   3100.176629	0.0	      0.000000	17	243552	
232	 -0.000000	 25.038549	   3100.000000	   3100.000000	594193	   3100.012861	   3099.987145	0.0	      0.000000	17	243552	
233	 -0.000000	 12.641799	   3099.856306	   3099.856306	645623	   3099.869167	   3099.843451	0.0	      0.000000	17	243552	
234	 -0.000000	 11.286583	   3099.487603	   3099.487603	777587	   3099.500464	   3099.474748	0.0	      0.000000	17	243552	
235	 -0.000000	167.851303	   3098.397584	   3098.397584	119144	   3098.410445	   3098.384729	0.0	      0.000000	18	240892	
236	 -0.000000	 13.998190	   3098.381916	   3098.381916	124752	   3098.394776	   3098.369061	0.0	      0.000000	18	240892	
237	 -0.000000	 10.548123	   3097.291813	   3097.291813	514915	   3097.304673	   3097.278958	0.0	      0.000000	18	240892	
238	 22.739546	 52.165085	   3097.260646	   3097.260646	526070	   3097.273507	   3097.247791	0.0	      0.000000	18	240892	
239	 -0.000000	 15.988259	   3096.923227	   3096.923227	646837	   3096.936088	   3096.910372	0.0	      0.000000	18	240892	
240	 -0.000000	726.796997	   3096.554641	   3096.554641	778759	   3096.567502	   3096.541786	0.0	      0.000000	18	240892	
241	 -0.000000	125.754234	   3096.537970	   3096.537970	784726	   3096.550830	   3096.525115	0.0	      0.000000	18	240892	
242	 -0.000000	 12.926100	   3096.186055	   3096.186055	910681	   3096.198916	   3096.173200	0.0	      0.000000	18	240892	
243	 -0.000000	 10.589843	   3096.093905	   3096.093905	943663	   3096.106765	   3096.081050	0.0	      0.000000	18	240892	
244	 -0.000000	 10.848619	   3095.798440	   3095.798440	838	   3095.800781	   3095.785585	0.0	      0.000000	19	315297	
245	 -0.000000	827.167236	   3094.711698	   3094.711698	389798	   3094.724559	   3094.698843	0.0	      0.000000	19	315297	
246	 -0.000000	172.492798	   3094.694909	   3094.694909	395807	   3094.707770	   3094.682054	0.0	      0.000000	19	315297	
247	  7.423596	 48.770847	   3094.334309	   3094.334309	524871	   3094.347169	   3094.321454	0.0	      0.000000	19	315297	
248	  0.009566	 10.588154	   3092.868752	   3092.868752	838	   3092.871094	   3092.855897	0.0	      0.000000	20	32981	
249	 24.863306	 46.469296	   3091.400802	   3091.400802	526238	   3091.413662	   3091.387947	0.0	      0.000000	20	32981	
250	 -0.000000	 30.176460	   3091.025809	   3091.025809	660453	   3091.038670	   3091.012954	0.0	      0.000000	20	32981	
251	 -0.000000	 71.273514	   3089.182866	   3089.182866	271492	   3089.195727	   3089.170011	0.0	      0.000000	21	33075	
252	 -7.701024	 45.792061	   3088.478253	   3088.478253	523683	   3088.491113	   3088.465398	0.0	      0.000000	21	33075	
253	 -0.000000	 24.947107	   3087.339923	   3087.339923	931107	   3087.352784	   3087.327068	0.0	      0.000000	21	33075	
254	 -0.000000	 20.973803	   3087.320380	   3087.320380	938102	   3087.333240	   3087.307524	0.0	      0.000000	21	33075	
255	  2.190726	 43.381348	   3085.546397	   3085.546397	524459	   3085.559258	   3085.533542	0.0	      0.000000	22	32954	
256	 -0.000000	 12.080892	   3085.496980	   3085.496980	542146	   3085.509841	   3085.484125	0.0	      0.000000	22	32954	
257	 -0.000000	 14.411609	   3085.476861	   3085.476861	549347	   3085.489722	   3085.464006	0.0	      0.000000	22	32954	
258	 -0.000000	 24.315031	   3083.654037	   3083.654037	153185	   3083.666898	   3083.641182	0.0	      0.000000	23	33078	
259	 -0.000000	 75.396362	   3083.633342	   3083.633342	160592	   3083.646203	   3083.620487	0.0	      0.000000	23	33078	
260	  8.858569	 41.263741	   3082.615243	   3082.615243	524984	   3082.628104	   3082.602388	0.0	      0.000000	23	33078	
261	 -0.000000	109.448616	   3080.000000	   3080.000000	412440	   3080.012860	   3079.987145	0.0	      0.000000	24	33078	
262	-25.236401	 41.068020	   3079.693026	   3079.693026	522310	   3079.705887	   3079.680171	0.0	      0.000000	24	33078	
263	 -8.533309	 39.511379	   3076.759684	   3076.759684	523618	   3076.772545	   3076.746829	0.0	      0.000000	25	32961	
264	 -0.000000	 19.287394	   3076.282262	   3076.282262	694494	   3076.295123	   3076.269407	0.0	      0.000000	25	32961	
265	 -0.000000	 14.024366	   3076.259268	   3076.259268	702724	   3076.272129	   3076.246413	0.0	      0.000000	25	32961	
266	 -0.000000	 36.011951	   3074.439319	   3074.439319	305533	   3074.452180	   3074.426464	0.0	      0.000000	26	33005	
267	 25.265099	 39.954174	   3073.822593	   3073.822593	526268	   3073.835454	   3073.809738	0.0	      0.000000	26	33005	
268	 -0.000000	 36.406261	   3072.596376	   3072.596376	965148	   3072.609237	   3072.583521	0.0	      0.000000	26	33005	
269	 -3.625700	 39.847618	   3070.899231	   3070.899231	524004	   3070.912092	   3070.886376	0.0	      0.000000	27	32954	
270	 -0.000000	 15.726218	   3070.753433	   3070.753433	576187	   3070.766294	   3070.740578	0.0	      0.000000	27	32954	
271	 29.206493	 39.930519	   3067.962355	   3067.962355	526577	   3067.975215	   3067.949500	0.0	      0.000000	28	32950	
272	 -0.000000	 11.177144	   3065.198861	   3065.198861	467094	   3065.211721	   3065.186006	0.0	      0.000000	29	32952	
273	 25.140736	 39.529045	   3065.033553	   3065.033553	526260	   3065.046413	   3065.020698	0.0	      0.000000	29	32952	
274	-12.063344	 38.117790	   3062.112015	   3062.112015	523343	   3062.124876	   3062.099160	0.0	      0.000000	30	32970	
275	 -0.000000	 29.435356	   3061.538715	   3061.538715	728535	   3061.551576	   3061.525860	0.0	      0.000000	30	32970	
276	 -0.000000	 10.063868	   3061.511122	   3061.511122	738411	   3061.523983	   3061.498267	0.0	      0.000000	30	32970	
277	 -0.000000	 39.074654	   3059.999999	   3059.999999	230687	   3060.012860	   3059.987144	0.0	      0.000000	31	32983	
278	 -0.000000	 12.478065	   3059.695772	   3059.695772	339574	   3059.708633	   3059.682917	0.0	      0.000000	31	32983	
279	 -4.668447	 38.375172	   3059.180713	   3059.180713	523921	   3059.193574	   3059.167858	0.0	      0.000000	31	32983	
280	-24.231918	 11.243682	   3056.255306	   3056.255306	522389	   3056.268166	   3056.242451	0.0	      0.000000	32	15644	
281	 -0.000000	 16.840307	   3056.009886	   3056.009886	610228	   3056.022747	   3055.997031	0.0	      0.000000	32	15644	
282	 -0.000000	 14.857993	   3055.000001	   3055.000001	971680	   3055.012862	   3054.987146	0.0	      0.000000	32	15644	
283	  0.009566	 13.948137	   3054.166941	   3054.166941	221268	   3054.179801	   3054.154086	0.0	      0.000000	33	32961	
284	 12.752131	 37.936161	   3053.317521	   3053.317521	525287	   3053.330382	   3053.304666	0.0	      0.000000	33	32961	
285	 -0.000000	 12.052904	   3052.323998	   3052.323998	880883	   3052.336858	   3052.311143	0.0	      0.000000	33	32961	
286	 12.704298	 38.924671	   3050.387845	   3050.387845	525283	   3050.400706	   3050.374990	0.0	      0.000000	34	556832	
287	 -0.000000	52040.812500	   3050.000000	   3050.000000	664098	   3050.012861	   3049.987145	0.0	      0.000000	34	556832	
288	-11.948545	 38.020683	   3047.463558	   3047.463558	523350	   3047.476419	   3047.450703	0.0	      0.000000	35	32950	
289	 27.771521	 38.016964	   3044.525168	   3044.525168	526465	   3044.538028	   3044.512312	0.0	      0.000000	36	32950	
290	-25.906054	 38.531467	   3041.607240	   3041.607240	522256	   3041.620100	   3041.594385	0.0	      0.000000	37	32950	
291	 31.512018	 38.023350	   3038.664974	   3038.664974	526758	   3038.677835	   3038.652119	0.0	      0.000000	38	32950	
292	 -8.332413	 38.317703	   3035.744012	   3035.744012	523635	   3035.756873	   3035.731157	0.0	      0.000000	39	32950	
293	 -0.000000	 13.804323	   3033.894565	   3033.894565	137002	   3033.907425	   3033.881710	0.0	      0.000000	40	32954	
294	-20.529688	 37.944878	   3032.816995	   3032.816995	522679	   3032.829856	   3032.804140	0.0	      0.000000	40	32954	
295	 16.263033	 38.925999	   3029.879247	   3029.879247	525564	   3029.892108	   3029.866392	0.0	      0.000000	41	32950	
296	 -0.392226	 38.630177	   3026.953214	   3026.953214	524256	   3026.966075	   3026.940359	0.0	      0.000000	42	32950	
297	  0.095665	176.822601	   3025.051288	   3025.051288	156406	   3025.064149	   3025.038433	0.0	      0.000000	43	418825	
298	  0.420926	 10.473616	   3025.019557	   3025.019557	167763	   3025.032417	   3025.006702	0.0	      0.000000	43	418825	
299	 -0.009566	 12.706202	   3024.953306	   3024.953306	191475	   3024.966167	   3024.940451	0.0	      0.000000	43	418825	
300	-20.271391	 38.250446	   3024.027877	   3024.027877	522699	   3024.040738	   3024.015022	0.0	      0.000000	43	418825	
301	 -9.164698	 39.552670	   3021.095762	   3021.095762	523568	   3021.108622	   3021.082907	0.0	      0.000000	44	32950	
302	-25.389463	 39.911358	   3018.169628	   3018.169628	522296	   3018.182489	   3018.156773	0.0	      0.000000	45	32950	
303	-20.194860	 40.230389	   3015.238798	   3015.238798	522705	   3015.251658	   3015.225943	0.0	      0.000000	46	32950	
304	 18.157198	 41.011070	   3012.300706	   3012.300706	525713	   3012.313567	   3012.287851	0.0	      0.000000	47	32950	
305	 -0.000000	 15.873652	   3009.999999	   3009.999999	300592	   3010.012860	   3009.987144	0.0	      0.000000	48	32952	
306	-30.249241	 44.407417	   3009.381630	   3009.381630	521915	   3009.394491	   3009.368775	0.0	      0.000000	48	32952	
307	  3.271739	 41.623207	   3006.444597	   3006.444597	524544	   3006.457458	   3006.431742	0.0	      0.000000	49	32950	
308	-17.793671	 40.377563	   3003.519525	   3003.519525	522892	   3003.532386	   3003.506670	0.0	      0.000000	50	32950	
309	-10.934498	 41.271935	   3000.588338	   3000.588338	523429	   3000.601198	   3000.575482	0.0	      0.000000	51	32950	
310	-28.020248	 40.617229	   2997.662391	   2997.662391	522090	   2997.675252	   2997.649536	0.0	      0.000000	52	32950	
311	 20.673183	 40.816444	   2994.722036	   2994.722036	525908	   2994.734897	   2994.709181	0.0	      0.000000	53	32953	
312	 -0.000000	 14.324100	   2993.752566	   2993.752566	872895	   2993.765426	   2993.739711	0.0	      0.000000	53	32953	
313	-21.008011	 40.209492	   2991.801474	   2991.801474	522642	   2991.814335	   2991.788619	0.0	      0.000000	54	32950	
314	  9.375160	 40.707245	   2988.865137	   2988.865137	525022	   2988.877997	   2988.852282	0.0	      0.000000	55	32950	
315	-24.174520	 40.085846	   2985.942795	   2985.942795	522393	   2985.955655	   2985.929940	0.0	      0.000000	56	32950	
316	-14.674995	 40.527176	   2983.011026	   2983.011026	523138	   2983.023886	   2982.998171	0.0	      0.000000	57	33530	
317	  0.038266	 21.478626	   2982.028267	   2982.028267	874881	   2982.041128	   2982.015412	0.0	      0.000000	57	33530	
318	 -0.028699	 15.263218	   2981.972701	   2981.972701	894769	   2981.985561	   2981.959845	0.0	      0.000000	57	33530	
319	-27.599323	 40.780167	   2980.084174	   2980.084174	522123	   2980.097035	   2980.071319	0.0	      0.000000	58	32950	
320	 20.548820	 40.378242	   2977.143934	   2977.143934	525900	   2977.156794	   2977.131079	0.0	      0.000000	59	32950	
321	 -0.000000	 19.974588	   2975.001628	   2975.001628	244085	   2975.014489	   2974.988773	0.0	      0.000000	60	32958	
322	 20.797548	 40.739647	   2974.214196	   2974.214196	525918	   2974.227056	   2974.201341	0.0	      0.000000	60	32958	
323	 20.596653	 40.704933	   2971.284547	   2971.284547	525904	   2971.297408	   2971.271692	0.0	      0.000000	61	32950	
324	  2.678617	 40.832623	   2968.358791	   2968.358791	524497	   2968.371652	   2968.345936	0.0	      0.000000	62	32950	
325	  8.571575	 41.462330	   2965.427807	   2965.427807	524961	   2965.440668	   2965.414952	0.0	      0.000000	63	32950	
326	 -0.000000	6406.862305	   2962.500176	   2962.500176	524225	   2962.513037	   2962.487321	0.0	      0.000000	64	1193956	
327	 -0.000000	 26.899654	   2950.000001	   2950.000001	803908	   2950.012861	   2949.987146	0.0	      0.000000	68	8	
328	 -0.000000	274.870972	   2939.500309	   2939.500309	367590	   2939.513170	   2939.487454	0.0	      0.000000	72	95248	
329	  0.086098	 25.445618	   2934.028692	   2934.028692	228806	   2934.041553	   2934.015837	0.0	      0.000000	74	830	
330	 -0.038266	 12.256444	   2933.973165	   2933.973165	248680	   2933.986025	   2933.960310	0.0	      0.000000	74	830	
331	 -0.038266	 16.079994	   2885.973629	   2885.973629	651167	   2885.986490	   2885.960774	0.0	      0.000000	90	38	
332	 -0.000000	 16.618597	   2883.335741	   2883.335741	546728	   2883.348601	   2883.322886	0.0	      0.000000	91	10	
333	  0.028699	 22.166004	   2837.501958	   2837.501958	174062	   2837.514818	   2837.489103	0.0	      0.000000	107	35	
334	 -0.000000	 43.677166	   2616.671485	   2616.671485	569167	   2616.684345	   2616.658629	0.0	      0.000000	182	232	
335	 -0.000000	 59.886623	   2610.499691	   2610.499691	680986	   2610.512551	   2610.486836	0.0	      0.000000	184	58	
336	 -0.009566	 12.251929	   2535.012793	   2535.012793	435823	   2535.025654	   2534.999938	0.0	      0.000000	210	4	
337	  0.038266	 21.059538	   2500.157484	   2500.157484	328112	   2500.170345	   2500.144629	0.0	      0.000000	222	105334	
338	 -0.000000	864.235107	   2500.000000	   2500.000000	384478	   2500.012860	   2499.987145	0.0	      0.000000	222	105334	
339	  0.325261	 77.682106	   2465.987184	   2465.987184	1023803	   2466.000044	   2465.974329	0.0	      0.000000	233	376665	
340	  0.325261	 24.141035	   2463.057496	   2463.057496	1023803	   2463.070357	   2463.044641	0.0	      0.000000	234	4012	
341	  1.626303	 20.342125	   2461.988544	   2461.988544	357820	   2462.001404	   2461.975689	0.0	      0.000000	235	927	
342	 -0.066965	 30.168423	   2451.959963	   2451.959963	801461	   2451.972823	   2451.947108	0.0	      0.000000	238	2519	
343	  0.487891	 16.994499	   2442.983531	   2442.983531	868523	   2442.996392	   2442.970676	0.0	      0.000000	241	9706	
344	 -0.315694	150.716248	   2441.048627	   2441.048627	512476	   2441.061488	   2441.035772	0.0	      0.000000	242	16073372	
345	  0.066965	1426.576904	   2441.004628	   2441.004628	528224	   2441.017489	   2440.991773	0.0	      0.000000	242	16073372	
346	 -0.468758	453.494873	   2440.991421	   2440.991421	532951	   2441.004281	   2440.978566	0.0	      0.000000	242	16073372	
347	  0.019133	500.230255	   2440.970114	   2440.970114	540577	   2440.982975	   2440.957259	0.0	      0.000000	242	16073372	
348	  0.200896	 14.974672	   2434.977565	   2434.977565	588242	   2434.990425	   2434.964710	0.0	      0.000000	244	1571	
349	 -0.057399	 14.272626	   2418.940617	   2418.940617	36633	   2418.953478	   2418.927762	0.0	      0.000000	250	44339	
350	  0.181763	 33.311642	   2418.913496	   2418.913496	46340	   2418.926357	   2418.900641	0.0	      0.000000	250	44339	
351	 -0.000000	 16.596464	   2418.749999	   2418.749999	104858	   2418.762860	   2418.737144	0.0	      0.000000	250	44339	
352	  0.038266	116.570107	   2416.001847	   2416.001847	39884	   2416.014707	   2415.988992	0.0	      0.000000	251	4663536	
353	  0.181763	322.343445	   2415.983806	   2415.983806	46341	   2415.996667	   2415.970951	0.0	      0.000000	251	4663536	
354	 -0.019133	 41.313183	   2414.981674	   2414.981674	405018	   2414.994535	   2414.968819	0.0	      0.000000	251	4663536	
355	 -0.000000	 21.696409	   2400.000003	   2400.000003	524287	   2400.012863	   2399.987148	0.0	      0.000000	256	127	
356	 -0.000000	 14.044676	   2350.007225	   2350.007225	591607	   2350.020086	   2349.994370	0.0	      0.000000	273	25	
357	 -0.057399	 17.976130	   2337.464098	   2337.464098	886663	   2337.476959	   2337.451243	0.0	      0.000000	277	113	
358	  0.105231	 12.694858	   2277.500466	   2277.500466	328387	   2277.513327	   2277.487611	0.0	      0.000000	298	3	
359	  0.038266	 12.901126	   2267.511378	   2267.511378	757893	   2267.524238	   2267.498523	0.0	      0.000000	301	2	
360	  0.688787	 49.511066	   2264.998184	   2264.998184	608824	   2265.011045	   2264.985329	0.0	      0.000000	302	953	
361	  0.047832	 26.560867	   2262.521762	   2262.521762	446594	   2262.534623	   2262.508907	0.0	      0.000000	303	15	
362	  0.028699	145.106552	   2250.141736	   2250.141736	683274	   2250.154596	   2250.128881	0.0	      0.000000	307	42279	
363	 16.932688	134.388901	   2247.474153	   2247.474153	589463	   2247.487014	   2247.461298	0.0	      0.000000	308	23710522	
364	  0.009566	2195.531494	   2242.503154	   2242.503154	271501	   2242.516014	   2242.490299	0.0	      0.000000	310	1613693	
365	 -0.038266	 58.388962	   2239.548949	   2239.548949	280276	   2239.561810	   2239.536094	0.0	      0.000000	311	13760	
366	 -0.000000	 57.859276	   2239.282030	   2239.282030	375810	   2239.294891	   2239.269175	0.0	      0.000000	311	13760	
367	 -0.028699	109.545845	   2237.500951	   2237.500951	1013283	   2237.513812	   2237.488096	0.0	      0.000000	311	13760	
368	 -0.028699	 41.822903	   2235.452956	   2235.452956	697713	   2235.465817	   2235.440101	0.0	      0.000000	312	94	
369	 -0.028699	 15.679458	   2234.571264	   2234.571264	1013283	   2234.584124	   2234.558409	0.0	      0.000000	312	94	
370	 -0.353960	 13.219648	   2228.518426	   2228.518426	33950	   2228.531287	   2228.505571	0.0	      0.000000	315	121023	
371	 -0.239162	 50.530895	   2226.573998	   2226.573998	729888	   2226.586858	   2226.561143	0.0	      0.000000	315	121023	
372	 -0.239162	 16.898602	   2226.422998	   2226.422998	783933	   2226.435858	   2226.410143	0.0	      0.000000	315	121023	
373	 -0.239162	 29.540413	   2226.374955	   2226.374955	801128	   2226.387816	   2226.362100	0.0	      0.000000	315	121023	
374	  0.028699	 50.151207	   2218.889768	   2218.889768	334453	   2218.902628	   2218.876913	0.0	      0.000000	318	591	
375	 -0.000000	 31.661875	   2209.085936	   2209.085936	697653	   2209.098797	   2209.073081	0.0	      0.000000	321	22	
376	  0.038266	 49.280556	   2203.263783	   2203.263783	684331	   2203.276643	   2203.250927	0.0	      0.000000	323	604	
377	 -0.000000	 33.237957	   2197.000207	   2197.000207	829000	   2197.013068	   2196.987352	0.0	      0.000000	325	16	
378	  0.009566	5342.301758	   2196.009268	   2196.009268	135095	   2196.022128	   2195.996413	0.0	      0.000000	326	116177749	
379	 -0.000000	4792.718750	   2195.991895	   2195.991895	141313	   2196.004755	   2195.979040	0.0	      0.000000	326	116177749	
380	  0.009566	3867.683838	   2194.005968	   2194.005968	852104	   2194.018828	   2193.993113	0.0	      0.000000	326	116177749	
381	 -0.000000	3343.327393	   2193.988969	   2193.988969	858188	   2194.001830	   2193.976114	0.0	      0.000000	326	116177749	
382	 -0.000000	 36.139874	   2192.471308	   2192.471308	352804	   2192.484169	   2192.458453	0.0	      0.000000	327	34	
383	 -0.000000	 12.742632	   2189.684007	   2189.684007	301842	   2189.696868	   2189.671152	0.0	      0.000000	328	15458209	
384	 -0.000000	 54.324718	   2189.622774	   2189.622774	323758	   2189.635635	   2189.609919	0.0	      0.000000	328	15458209	
385	 -0.000000	392.699646	   2189.561542	   2189.561542	345674	   2189.574402	   2189.548687	0.0	      0.000000	328	15458209	
386	 -0.086098	 12.404778	   2189.539067	   2189.539067	353718	   2189.551928	   2189.526212	0.0	      0.000000	328	15458209	
387	 -0.000000	458679.937500	   2189.500309	   2189.500309	367590	   2189.513170	   2189.487454	0.0	      0.000000	328	15458209	
388	  0.105231	 11.384708	   2189.461546	   2189.461546	381464	   2189.474406	   2189.448691	0.0	      0.000000	328	15458209	
389	 -0.000000	344.643311	   2189.439077	   2189.439077	389506	   2189.451937	   2189.426222	0.0	      0.000000	328	15458209	
390	 -0.009566	 62.633038	   2189.377844	   2189.377844	411422	   2189.390705	   2189.364989	0.0	      0.000000	328	15458209	
391	 -0.009566	 15.492602	   2189.316611	   2189.316611	433338	   2189.329472	   2189.303756	0.0	      0.000000	328	15458209	
392	 -0.000000	 15.111641	   2188.504042	   2188.504042	724168	   2188.516902	   2188.491187	0.0	      0.000000	328	15458209	
393	 -0.000000	10774.805664	   2188.439808	   2188.439808	747158	   2188.452669	   2188.426953	0.0	      0.000000	328	15458209	
394	 -0.000000	 10.249619	   2188.381577	   2188.381577	768000	   2188.394437	   2188.368721	0.0	      0.000000	328	15458209	
395	 -0.000000	 14.973544	   2188.000309	   2188.000309	904461	   2188.013170	   2187.987454	0.0	      0.000000	328	15458209	
396	 -0.000000	151.528702	   2187.412995	   2187.412995	66093	   2187.425855	   2187.400139	0.0	      0.000000	329	142430	
397	 -0.000000	 32.482601	   2187.356995	   2187.356995	86136	   2187.369856	   2187.344140	0.0	      0.000000	329	142430	
398	 -0.057399	 10.515007	   2187.331131	   2187.331131	95393	   2187.343992	   2187.318276	0.0	      0.000000	329	142430	
399	 -0.009566	 11.043296	   2187.289090	   2187.289090	110440	   2187.301951	   2187.276235	0.0	      0.000000	329	142430	
400	 -0.038266	 11.050536	   2187.275867	   2187.275867	115173	   2187.288727	   2187.263012	0.0	      0.000000	329	142430	
401	 -0.028699	 11.325358	   2187.233831	   2187.233831	130218	   2187.246692	   2187.220976	0.0	      0.000000	329	142430	
402	 -0.009566	 17.718634	   2187.219426	   2187.219426	135374	   2187.232286	   2187.206571	0.0	      0.000000	329	142430	
403	 -0.009566	 16.205669	   2187.201790	   2187.201790	141686	   2187.214651	   2187.188935	0.0	      0.000000	329	142430	
404	 -0.038266	 13.427471	   2187.180042	   2187.180042	149470	   2187.192903	   2187.167187	0.0	      0.000000	329	142430	
405	 -0.038266	 13.540404	   2187.165639	   2187.165639	154625	   2187.178500	   2187.152784	0.0	      0.000000	329	142430	
406	 -0.028699	 15.232573	   2187.121545	   2187.121545	170407	   2187.134405	   2187.108690	0.0	      0.000000	329	142430	
407	 -0.028699	 12.173678	   2187.088623	   2187.088623	182190	   2187.101484	   2187.075768	0.0	      0.000000	329	142430	
408	 -0.009566	 10.435843	   2187.068046	   2187.068046	189555	   2187.080906	   2187.055191	0.0	      0.000000	329	142430	
409	 -0.009566	 12.666154	   2187.040710	   2187.040710	199339	   2187.053570	   2187.027854	0.0	      0.000000	329	142430	
410	 -0.009566	 15.239842	   2187.019839	   2187.019839	206809	   2187.032699	   2187.006984	0.0	      0.000000	329	142430	
411	 -0.057399	 12.907313	   2187.002209	   2187.002209	213119	   2187.015069	   2186.989354	0.0	      0.000000	329	142430	
412	 -0.038266	 18.907352	   2186.983394	   2186.983394	219853	   2186.996255	   2186.970539	0.0	      0.000000	329	142430	
413	 -0.009566	 12.121002	   2186.952526	   2186.952526	230901	   2186.965387	   2186.939671	0.0	      0.000000	329	142430	
414	 -0.009566	 12.987506	   2186.929599	   2186.929599	239107	   2186.942460	   2186.916744	0.0	      0.000000	329	142430	
415	 -0.028699	 16.330227	   2186.911670	   2186.911670	245524	   2186.924531	   2186.898815	0.0	      0.000000	329	142430	
416	 -0.009566	 11.529403	   2186.879629	   2186.879629	256992	   2186.892490	   2186.866774	0.0	      0.000000	329	142430	
417	 -0.038266	 14.608450	   2186.824959	   2186.824959	276559	   2186.837820	   2186.812104	0.0	      0.000000	329	142430	
418	 -0.009566	 11.563279	   2186.766755	   2186.766755	297391	   2186.779616	   2186.753900	0.0	      0.000000	329	142430	
419	 -0.038266	 10.315885	   2186.735013	   2186.735013	308752	   2186.747874	   2186.722158	0.0	      0.000000	329	142430	
420	 -0.038266	 11.061330	   2186.719141	   2186.719141	314433	   2186.732001	   2186.706286	0.0	      0.000000	329	142430	
421	 -0.038266	 16.851789	   2186.700329	   2186.700329	321166	   2186.713189	   2186.687474	0.0	      0.000000	329	142430	
422	 -0.009566	 11.052636	   2186.618901	   2186.618901	350310	   2186.631762	   2186.606046	0.0	      0.000000	329	142430	
423	 -0.038266	 12.803282	   2186.546890	   2186.546890	376084	   2186.559750	   2186.534035	0.0	      0.000000	329	142430	
424	 -0.066965	 12.876441	   2186.514561	   2186.514561	387655	   2186.527421	   2186.501706	0.0	      0.000000	329	142430	
425	 -0.000000	5875.599609	   2184.476308	   2184.476308	68598	   2184.489169	   2184.463453	0.0	      0.000000	330	72047737	
426	 -0.000000	4112.412598	   2184.427308	   2184.427308	86136	   2184.440168	   2184.414453	0.0	      0.000000	330	72047737	
427	 -0.000000	3666.030273	   2184.392308	   2184.392308	98663	   2184.405168	   2184.379452	0.0	      0.000000	330	72047737	
428	 -0.000000	3119.631592	   2184.357307	   2184.357307	111190	   2184.370168	   2184.344452	0.0	      0.000000	330	72047737	
429	 -0.000000	3199.670410	   2184.336308	   2184.336308	118706	   2184.349169	   2184.323453	0.0	      0.000000	330	72047737	
430	 -0.000000	3221.002197	   2184.308307	   2184.308307	128728	   2184.321168	   2184.295452	0.0	      0.000000	330	72047737	
431	 -0.000000	2997.458740	   2184.287307	   2184.287307	136244	   2184.300168	   2184.274452	0.0	      0.000000	330	72047737	
432	 -0.000000	2471.713867	   2184.266308	   2184.266308	143760	   2184.279169	   2184.253453	0.0	      0.000000	330	72047737	
433	 -0.000000	2276.690186	   2184.238307	   2184.238307	153782	   2184.251167	   2184.225452	0.0	      0.000000	330	72047737	
434	 -0.000000	2269.848389	   2184.224309	   2184.224309	158792	   2184.237170	   2184.211454	0.0	      0.000000	330	72047737	
435	 -0.000000	2612.937012	   2184.203307	   2184.203307	166309	   2184.216167	   2184.190452	0.0	      0.000000	330	72047737	
436	 -0.000000	2826.322998	   2184.182307	   2184.182307	173825	   2184.195168	   2184.169452	0.0	      0.000000	330	72047737	
437	 -0.009566	1955.592651	   2184.168310	   2184.168310	178835	   2184.181170	   2184.155454	0.0	      0.000000	330	72047737	
438	 -0.000000	2919.687988	   2184.147307	   2184.147307	186352	   2184.160168	   2184.134452	0.0	      0.000000	330	72047737	
439	 -0.009566	2020.584595	   2184.133309	   2184.133309	191362	   2184.146170	   2184.120454	0.0	      0.000000	330	72047737	
440	 -0.000000	2611.676758	   2184.112307	   2184.112307	198879	   2184.125168	   2184.099452	0.0	      0.000000	330	72047737	
441	 -0.009566	2548.888184	   2184.098309	   2184.098309	203889	   2184.111170	   2184.085454	0.0	      0.000000	330	72047737	
442	 -0.000000	2094.502686	   2184.084309	   2184.084309	208900	   2184.097170	   2184.071454	0.0	      0.000000	330	72047737	
443	 -0.009566	1607.390747	   2184.063309	   2184.063309	216416	   2184.076170	   2184.050454	0.0	      0.000000	330	72047737	
444	 -0.000000	2195.360107	   2184.049309	   2184.049309	221427	   2184.062169	   2184.036454	0.0	      0.000000	330	72047737	
445	 -0.000000	2588.303223	   2184.035308	   2184.035308	226438	   2184.048169	   2184.022453	0.0	      0.000000	330	72047737	
446	 -0.000000	2683.639893	   2184.021308	   2184.021308	231449	   2184.034168	   2184.008453	0.0	      0.000000	330	72047737	
447	 -0.000000	2533.785156	   2184.007307	   2184.007307	236460	   2184.020168	   2183.994452	0.0	      0.000000	330	72047737	
448	 -0.009566	2419.975586	   2183.993309	   2183.993309	241470	   2184.006170	   2183.980454	0.0	      0.000000	330	72047737	
449	 -0.000000	2608.289551	   2183.979309	   2183.979309	246481	   2183.992169	   2183.966454	0.0	      0.000000	330	72047737	
450	 -0.000000	2638.396484	   2183.965308	   2183.965308	251492	   2183.978169	   2183.952453	0.0	      0.000000	330	72047737	
451	 -0.000000	2436.587646	   2183.951308	   2183.951308	256503	   2183.964168	   2183.938453	0.0	      0.000000	330	72047737	
452	 -0.000000	1824.944458	   2183.937307	   2183.937307	261514	   2183.950168	   2183.924452	0.0	      0.000000	330	72047737	
453	 -0.000000	2187.951172	   2183.916308	   2183.916308	269030	   2183.929168	   2183.903453	0.0	      0.000000	330	72047737	
454	 -0.000000	2748.585205	   2183.902307	   2183.902307	274041	   2183.915168	   2183.889452	0.0	      0.000000	330	72047737	
455	 -0.000000	2460.466797	   2183.888309	   2183.888309	279051	   2183.901170	   2183.875454	0.0	      0.000000	330	72047737	
456	 -0.000000	2077.358643	   2183.867307	   2183.867307	286568	   2183.880168	   2183.854452	0.0	      0.000000	330	72047737	
457	 -0.000000	2736.460205	   2183.853309	   2183.853309	291578	   2183.866170	   2183.840454	0.0	      0.000000	330	72047737	
458	 -0.000000	1994.850952	   2183.832307	   2183.832307	299095	   2183.845168	   2183.819452	0.0	      0.000000	330	72047737	
459	 -0.000000	2741.160645	   2183.818309	   2183.818309	304105	   2183.831170	   2183.805454	0.0	      0.000000	330	72047737	
460	 -0.000000	2775.380371	   2183.797307	   2183.797307	311622	   2183.810168	   2183.784452	0.0	      0.000000	330	72047737	
461	 -0.000000	2420.672119	   2183.776307	   2183.776307	319138	   2183.789168	   2183.763452	0.0	      0.000000	330	72047737	
462	 -0.000000	2349.488770	   2183.762307	   2183.762307	324149	   2183.775168	   2183.749452	0.0	      0.000000	330	72047737	
463	 -0.000000	2579.748779	   2183.741307	   2183.741307	331665	   2183.754168	   2183.728452	0.0	      0.000000	330	72047737	
464	 -0.000000	2604.924316	   2183.713309	   2183.713309	341686	   2183.726170	   2183.700454	0.0	      0.000000	330	72047737	
465	 -0.000000	3197.410156	   2183.692307	   2183.692307	349203	   2183.705167	   2183.679452	0.0	      0.000000	330	72047737	
466	 -0.000000	3045.806885	   2183.664308	   2183.664308	359224	   2183.677169	   2183.651453	0.0	      0.000000	330	72047737	
467	 -0.000000	3205.737061	   2183.636307	   2183.636307	369246	   2183.649168	   2183.623452	0.0	      0.000000	330	72047737	
468	 -0.000000	3951.866943	   2183.608309	   2183.608309	379267	   2183.621170	   2183.595454	0.0	      0.000000	330	72047737	
469	 -0.000000	4864.877930	   2183.573309	   2183.573309	391794	   2183.586170	   2183.560454	0.0	      0.000000	330	72047737	
470	 -0.000000	8789.335938	   2183.524308	   2183.524308	409332	   2183.537169	   2183.511453	0.0	      0.000000	330	72047737	
471	 -0.133931	 10.544266	   2182.961821	   2182.961821	610654	   2182.974682	   2182.948966	0.0	      0.000000	330	72047737	
472	 -0.038266	 12.228597	   2182.935066	   2182.935066	620230	   2182.947927	   2182.922211	0.0	      0.000000	330	72047737	
473	 -0.057399	 12.994361	   2182.917137	   2182.917137	626647	   2182.929998	   2182.904282	0.0	      0.000000	330	72047737	
474	 -0.057399	 17.614813	   2182.895386	   2182.895386	634432	   2182.908247	   2182.882531	0.0	      0.000000	330	72047737	
475	 -0.057399	 12.778561	   2182.855997	   2182.855997	648530	   2182.868857	   2182.843142	0.0	      0.000000	330	72047737	
476	 -0.057399	 14.171503	   2182.832776	   2182.832776	656841	   2182.845637	   2182.819921	0.0	      0.000000	330	72047737	
477	 -0.000000	 14.220674	   2182.790733	   2182.790733	671889	   2182.803593	   2182.777878	0.0	      0.000000	330	72047737	
478	 -0.057399	 14.942135	   2182.777514	   2182.777514	676620	   2182.790375	   2182.764659	0.0	      0.000000	330	72047737	
479	 -0.000000	 13.142814	   2182.735471	   2182.735471	691668	   2182.748331	   2182.722616	0.0	      0.000000	330	72047737	
480	 -0.000000	 19.171364	   2182.721068	   2182.721068	696823	   2182.733928	   2182.708213	0.0	      0.000000	330	72047737	
481	 -0.057399	 17.318005	   2182.703441	   2182.703441	703132	   2182.716301	   2182.690586	0.0	      0.000000	330	72047737	
482	 -0.057399	 12.349317	   2182.681690	   2182.681690	710917	   2182.694550	   2182.668835	0.0	      0.000000	330	72047737	
483	 -0.000000	 14.577065	   2182.667276	   2182.667276	716076	   2182.680136	   2182.654420	0.0	      0.000000	330	72047737	
484	 -0.057399	 15.231101	   2182.623782	   2182.623782	731643	   2182.636642	   2182.610927	0.0	      0.000000	330	72047737	
485	 -0.000000	 14.651036	   2182.590263	   2182.590263	743640	   2182.603123	   2182.577408	0.0	      0.000000	330	72047737	
486	 -0.057399	 12.388140	   2182.569696	   2182.569696	751001	   2182.582557	   2182.556841	0.0	      0.000000	330	72047737	
487	 -0.057399	 11.594517	   2182.542360	   2182.542360	760785	   2182.555221	   2182.529505	0.0	      0.000000	330	72047737	
488	 -0.000000	 16.998421	   2182.521481	   2182.521481	768258	   2182.534341	   2182.508626	0.0	      0.000000	330	72047737	
489	 -0.038266	 13.540023	   2182.503851	   2182.503851	774568	   2182.516711	   2182.490996	0.0	      0.000000	330	72047737	
490	 -0.000000	 16.654039	   2182.485031	   2182.485031	781304	   2182.497891	   2182.472176	0.0	      0.000000	330	72047737	
491	 -0.038266	 10.825305	   2182.431247	   2182.431247	800554	   2182.444107	   2182.418392	0.0	      0.000000	330	72047737	
492	 -0.000000	 14.410806	   2182.413309	   2182.413309	806974	   2182.426170	   2182.400454	0.0	      0.000000	330	72047737	
493	 -0.038266	 12.927046	   2182.381277	   2182.381277	818439	   2182.394137	   2182.368422	0.0	      0.000000	330	72047737	
494	 -0.038266	 10.590079	   2182.340124	   2182.340124	833168	   2182.352985	   2182.327269	0.0	      0.000000	330	72047737	
495	  0.019133	 13.891904	   2182.326593	   2182.326593	838011	   2182.339454	   2182.313738	0.0	      0.000000	330	72047737	
496	 -0.000000	 11.063199	   2182.268395	   2182.268395	858841	   2182.281255	   2182.255540	0.0	      0.000000	330	72047737	
497	 -0.038266	 13.487925	   2182.201971	   2182.201971	882615	   2182.214832	   2182.189116	0.0	      0.000000	330	72047737	
498	  0.057399	 30.913960	   2181.475159	   2181.475159	94175	   2181.488020	   2181.462304	0.0	      0.000000	331	1677843	
499	  0.057399	 40.897507	   2181.462226	   2181.462226	98804	   2181.475087	   2181.449371	0.0	      0.000000	331	1677843	
500	  0.076532	 46.231014	   2181.435474	   2181.435474	108379	   2181.448334	   2181.422619	0.0	      0.000000	331	1677843	
501	  0.057399	 60.713341	   2181.417548	   2181.417548	114795	   2181.430408	   2181.404693	0.0	      0.000000	331	1677843	
502	  0.019133	 81.676132	   2181.395802	   2181.395802	122578	   2181.408663	   2181.382947	0.0	      0.000000	331	1677843	
503	  0.019133	 49.626324	   2181.374638	   2181.374638	130153	   2181.387499	   2181.361783	0.0	      0.000000	331	1677843	
504	  0.057399	 64.349968	   2181.356407	   2181.356407	136678	   2181.369268	   2181.343552	0.0	      0.000000	331	1677843	
505	  0.057399	 63.370213	   2181.337889	   2181.337889	143306	   2181.350750	   2181.325034	0.0	      0.000000	331	1677843	
506	  0.019133	 39.150101	   2181.314674	   2181.314674	151615	   2181.327534	   2181.301819	0.0	      0.000000	331	1677843	
507	  0.057399	 61.575573	   2181.291151	   2181.291151	160034	   2181.304012	   2181.278296	0.0	      0.000000	331	1677843	
508	  0.019133	 61.700016	   2181.277930	   2181.277930	164766	   2181.290791	   2181.265075	0.0	      0.000000	331	1677843	
509	  0.019133	 37.956188	   2181.251770	   2181.251770	174129	   2181.264631	   2181.238915	0.0	      0.000000	331	1677843	
510	  0.057399	 45.794788	   2181.235890	   2181.235890	179813	   2181.248750	   2181.223034	0.0	      0.000000	331	1677843	
511	  0.057399	 63.257580	   2181.221487	   2181.221487	184968	   2181.234347	   2181.208632	0.0	      0.000000	331	1677843	
512	  0.057399	 77.757706	   2181.203851	   2181.203851	191280	   2181.216712	   2181.190996	0.0	      0.000000	331	1677843	
513	  0.057399	 59.125347	   2181.182100	   2181.182100	199065	   2181.194961	   2181.169245	0.0	      0.000000	331	1677843	
514	  0.057399	 63.762470	   2181.167697	   2181.167697	204220	   2181.180558	   2181.154842	0.0	      0.000000	331	1677843	
515	  0.057399	 62.373062	   2181.123606	   2181.123606	220001	   2181.136466	   2181.110751	0.0	      0.000000	331	1677843	
516	  0.057399	 47.402142	   2181.090684	   2181.090684	231784	   2181.103545	   2181.077829	0.0	      0.000000	331	1677843	
517	  0.057399	 42.018093	   2181.064228	   2181.064228	241253	   2181.077089	   2181.051373	0.0	      0.000000	331	1677843	
518	  0.057399	 45.734089	   2181.042770	   2181.042770	248933	   2181.055631	   2181.029915	0.0	      0.000000	331	1677843	
519	  0.057399	 47.650764	   2181.021900	   2181.021900	256403	   2181.034760	   2181.009044	0.0	      0.000000	331	1677843	
520	  0.057399	 58.838993	   2181.004264	   2181.004264	262715	   2181.017125	   2180.991409	0.0	      0.000000	331	1677843	
521	  0.057399	 68.843384	   2180.985452	   2180.985452	269448	   2180.998313	   2180.972597	0.0	      0.000000	331	1677843	
522	  0.057399	 37.793430	   2180.970166	   2180.970166	274919	   2180.983027	   2180.957311	0.0	      0.000000	331	1677843	
523	  0.057399	 39.066563	   2180.954587	   2180.954587	280495	   2180.967448	   2180.941732	0.0	      0.000000	331	1677843	
524	  0.057399	 50.358387	   2180.931660	   2180.931660	288701	   2180.944521	   2180.918805	0.0	      0.000000	331	1677843	
525	 -0.133931	 49.086700	   2180.913756	   2180.913756	295109	   2180.926617	   2180.900901	0.0	      0.000000	331	1677843	
526	  0.057399	 43.798454	   2180.897269	   2180.897269	301010	   2180.910130	   2180.884414	0.0	      0.000000	331	1677843	
527	  0.057399	 58.954689	   2180.881690	   2180.881690	306586	   2180.894550	   2180.868835	0.0	      0.000000	331	1677843	
528	  0.057399	 47.966331	   2180.840538	   2180.840538	321315	   2180.853398	   2180.827682	0.0	      0.000000	331	1677843	
529	  0.057399	 65.736641	   2180.824372	   2180.824372	327101	   2180.837232	   2180.811517	0.0	      0.000000	331	1677843	
530	  0.057399	 32.602600	   2180.781750	   2180.781750	342356	   2180.794610	   2180.768895	0.0	      0.000000	331	1677843	
531	  0.057399	 53.112190	   2180.768816	   2180.768816	346985	   2180.781677	   2180.755961	0.0	      0.000000	331	1677843	
532	 -0.191330	 37.334919	   2180.755321	   2180.755321	351815	   2180.768182	   2180.742466	0.0	      0.000000	331	1677843	
533	 -0.191330	 48.425167	   2180.737096	   2180.737096	358338	   2180.749957	   2180.724241	0.0	      0.000000	331	1677843	
534	 -0.200896	 44.816017	   2180.721224	   2180.721224	364019	   2180.734085	   2180.708369	0.0	      0.000000	331	1677843	
535	 -0.200896	 60.438877	   2180.702412	   2180.702412	370752	   2180.715273	   2180.689557	0.0	      0.000000	331	1677843	
536	  0.057399	 35.833118	   2180.679164	   2180.679164	379073	   2180.692024	   2180.666308	0.0	      0.000000	331	1677843	
537	  0.057399	 32.239628	   2180.656236	   2180.656236	387279	   2180.669097	   2180.643381	0.0	      0.000000	331	1677843	
538	  0.057399	 28.188105	   2180.639187	   2180.639187	393381	   2180.652048	   2180.626332	0.0	      0.000000	331	1677843	
539	  0.057399	 40.195732	   2180.620962	   2180.620962	399904	   2180.633823	   2180.608107	0.0	      0.000000	331	1677843	
540	  0.057399	 35.207458	   2180.593333	   2180.593333	409793	   2180.606193	   2180.580478	0.0	      0.000000	331	1677843	
541	  0.019133	 22.285883	   2180.566002	   2180.566002	419575	   2180.578863	   2180.553147	0.0	      0.000000	331	1677843	
542	  0.019133	 35.222332	   2180.548953	   2180.548953	425677	   2180.561814	   2180.536098	0.0	      0.000000	331	1677843	
543	  0.057399	 40.706921	   2180.516613	   2180.516613	437252	   2180.529474	   2180.503758	0.0	      0.000000	331	1677843	
544	  0.057399	 27.589828	   2180.496919	   2180.496919	444301	   2180.509779	   2180.484064	0.0	      0.000000	331	1677843	
545	 -0.000000	 36.228741	   2180.032539	   2180.032539	610509	   2180.045399	   2180.019684	0.0	      0.000000	331	1677843	
546	 -0.000000	942.611328	   2179.971306	   2179.971306	632425	   2179.984167	   2179.958451	0.0	      0.000000	331	1677843	
547	 -0.000000	 21.573174	   2179.910074	   2179.910074	654341	   2179.922934	   2179.897219	0.0	      0.000000	331	1677843	
548	  0.028699	 11.517621	   2172.011815	   2172.011815	335510	   2172.024675	   2171.998960	0.0	      0.000000	334	6	
549	  0.038266	129.219910	   2156.385829	   2156.385829	685388	   2156.398690	   2156.372974	0.0	      0.000000	339	10661	
550	 -0.038266	 10.905300	   2125.181635	   2125.181635	319468	   2125.194496	   2125.168780	0.0	      0.000000	350	963150	
551	  0.028699	2830.497803	   2125.133861	   2125.133861	336567	   2125.146722	   2125.121006	0.0	      0.000000	350	963150	
552	  0.038266	134.675995	   2109.507876	   2109.507876	686445	   2109.520737	   2109.495021	0.0	      0.000000	355	16243	
553	 -0.066965	 11.612013	   2107.028995	   2107.028995	525095	   2107.041856	   2107.016140	0.0	      0.000000	356	5520	
554	 -0.076532	 10.027917	   2106.686410	   2106.686410	647711	   2106.699271	   2106.673555	0.0	      0.000000	356	5520	
555	 -0.076532	 10.528157	   2106.586733	   2106.586733	683387	   2106.599593	   2106.573877	0.0	      0.000000	356	5520	
556	 -0.066965	 10.274738	   2106.565672	   2106.565672	690925	   2106.578532	   2106.552817	0.0	      0.000000	356	5520	
557	 -0.076532	 10.298637	   2106.548014	   2106.548014	697245	   2106.560874	   2106.535159	0.0	      0.000000	356	5520	
558	 -0.086098	 22.421280	   2106.526562	   2106.526562	704923	   2106.539422	   2106.513707	0.0	      0.000000	356	5520	
559	 -0.076532	 11.444235	   2106.484834	   2106.484834	719858	   2106.497694	   2106.471979	0.0	      0.000000	356	5520	
560	 -0.057399	 14.303838	   2106.448336	   2106.448336	732921	   2106.461197	   2106.435481	0.0	      0.000000	356	5520	
561	 -0.066965	 14.209678	   2106.421260	   2106.421260	742612	   2106.434120	   2106.408405	0.0	      0.000000	356	5520	
562	 -0.086098	 15.897262	   2106.379141	   2106.379141	757687	   2106.392001	   2106.366286	0.0	      0.000000	356	5520	
563	 -0.066965	 13.962630	   2106.352062	   2106.352062	767379	   2106.364922	   2106.339207	0.0	      0.000000	356	5520	
564	 -0.066965	 10.944755	   2106.328386	   2106.328386	775853	   2106.341246	   2106.315530	0.0	      0.000000	356	5520	
565	 -0.076532	 20.840750	   2106.273839	   2106.273839	795376	   2106.286700	   2106.260984	0.0	      0.000000	356	5520	
566	 -0.066965	 11.148932	   2106.234726	   2106.234726	809375	   2106.247587	   2106.221871	0.0	      0.000000	356	5520	
567	 -0.076532	 10.848172	   2106.213668	   2106.213668	816912	   2106.226529	   2106.200813	0.0	      0.000000	356	5520	
568	 -0.057399	 12.268962	   2106.105357	   2106.105357	855678	   2106.118218	   2106.092502	0.0	      0.000000	356	5520	
569	 -0.057399	 12.671904	   2106.021116	   2106.021116	885829	   2106.033977	   2106.008261	0.0	      0.000000	356	5520	
570	 -0.057399	 12.478558	   2105.960945	   2105.960945	907365	   2105.973806	   2105.948090	0.0	      0.000000	356	5520	
571	 -0.000000	 24.663839	   2100.000001	   2100.000001	943718	   2100.012862	   2099.987146	0.0	      0.000000	358	12	
572	  0.028699	 13.993286	   2093.881894	   2093.881894	1036322	   2093.894754	   2093.869038	0.0	      0.000000	360	18	
573	  0.038266	 18.588636	   2078.255908	   2078.255908	337624	   2078.268769	   2078.243053	0.0	      0.000000	366	71	
574	  0.028699	 23.901649	   2031.377955	   2031.377955	338681	   2031.390816	   2031.365100	0.0	      0.000000	382	125	
575	  0.028699	 27.140165	   2015.751972	   2015.751972	688558	   2015.764833	   2015.739117	0.0	      0.000000	387	156	
576	 -0.000000	 13.759704	   2002.929686	   2002.929686	34953	   2002.942547	   2002.916831	0.0	      0.000000	392	375	
577	  0.028699	 58.411236	   2000.125987	   2000.125987	1038436	   2000.138848	   2000.113132	0.0	      0.000000	392	375	
578	 -0.000000	 97.726616	   1999.999999	   1999.999999	34953	   2000.012859	   1999.987144	0.0	      0.000000	393	345	
579	 -0.028699	 18.446665	   1998.608315	   1998.608315	533056	   1998.621176	   1998.595460	0.0	      0.000000	393	345	
580	  0.028699	 34.407959	   1997.196300	   1997.196300	1038436	   1997.209160	   1997.183445	0.0	      0.000000	393	345	
581	 -0.000000	 10.113311	   1949.621601	   1949.621601	240292	   1949.634461	   1949.608746	0.0	      0.000000	410	4	
582	 -0.000000	 12.280973	   1949.527000	   1949.527000	274151	   1949.539860	   1949.514145	0.0	      0.000000	410	4	
583	 -0.000000	 10.519778	   1937.466207	   1937.466207	396573	   1937.479067	   1937.453352	0.0	      0.000000	414	2	
584	 -0.009566	 16.567896	   1928.979396	   1928.979396	288393	   1928.992256	   1928.966540	0.0	      0.000000	417	30842853	
585	  0.028699	 13.153747	   1928.923147	   1928.923147	308525	   1928.936008	   1928.910292	0.0	      0.000000	417	30842853	
586	 -0.009566	 22.623434	   1928.867397	   1928.867397	328479	   1928.880257	   1928.854541	0.0	      0.000000	417	30842853	
587	 -0.009566	 10.154375	   1928.810598	   1928.810598	348808	   1928.823459	   1928.797743	0.0	      0.000000	417	30842853	
588	  0.009566	 14.533698	   1928.736804	   1928.736804	375220	   1928.749664	   1928.723949	0.0	      0.000000	417	30842853	
589	 -0.009566	 17.797480	   1928.681410	   1928.681410	395046	   1928.694271	   1928.668555	0.0	      0.000000	417	30842853	
590	 -0.000000	 14.286302	   1928.662962	   1928.662962	401649	   1928.675823	   1928.650107	0.0	      0.000000	417	30842853	
591	  0.019133	 17.668730	   1928.625140	   1928.625140	415186	   1928.638001	   1928.612285	0.0	      0.000000	417	30842853	
592	  0.038266	 17.392807	   1928.607555	   1928.607555	421480	   1928.620415	   1928.594700	0.0	      0.000000	417	30842853	
593	 -0.038266	 15.191479	   1928.588003	   1928.588003	428478	   1928.600863	   1928.575148	0.0	      0.000000	417	30842853	
594	  0.019133	 17.271116	   1928.551340	   1928.551340	441600	   1928.564201	   1928.538485	0.0	      0.000000	417	30842853	
595	 -0.009566	 13.351505	   1928.533012	   1928.533012	448160	   1928.545872	   1928.520157	0.0	      0.000000	417	30842853	
596	  0.019133	 37.558094	   1928.446941	   1928.446941	478966	   1928.459801	   1928.434086	0.0	      0.000000	417	30842853	
597	 -0.000000	 23.000406	   1928.402343	   1928.402343	494928	   1928.415204	   1928.389488	0.0	      0.000000	417	30842853	
598	 -0.009566	 10.067178	   1928.328588	   1928.328588	521326	   1928.341449	   1928.315733	0.0	      0.000000	417	30842853	
599	 -0.000000	 16.374960	   1928.292144	   1928.292144	534370	   1928.305004	   1928.279289	0.0	      0.000000	417	30842853	
600	 -0.076532	 20.682867	   1928.273178	   1928.273178	541158	   1928.286039	   1928.260323	0.0	      0.000000	417	30842853	
601	 -0.019133	 14.101049	   1928.254246	   1928.254246	547934	   1928.267107	   1928.241391	0.0	      0.000000	417	30842853	
602	 -0.143497	 12.636436	   1928.217408	   1928.217408	561119	   1928.230269	   1928.204553	0.0	      0.000000	417	30842853	
603	  0.019133	 15.618006	   1928.198727	   1928.198727	567805	   1928.211588	   1928.185872	0.0	      0.000000	417	30842853	
604	 -0.000000	 13.804559	   1928.180044	   1928.180044	574492	   1928.192905	   1928.167189	0.0	      0.000000	417	30842853	
605	  0.066965	 13.529381	   1928.143588	   1928.143588	587540	   1928.156449	   1928.130733	0.0	      0.000000	417	30842853	
606	 -0.000000	 10.675271	   1928.115844	   1928.115844	597470	   1928.128705	   1928.102989	0.0	      0.000000	417	30842853	
607	  0.038266	 19.517332	   1928.012943	   1928.012943	634300	   1928.025803	   1928.000087	0.0	      0.000000	417	30842853	
608	  0.057399	 23.010059	   1927.957038	   1927.957038	654309	   1927.969899	   1927.944183	0.0	      0.000000	417	30842853	
609	 -0.009566	 12.858861	   1927.938391	   1927.938391	660983	   1927.951252	   1927.925536	0.0	      0.000000	417	30842853	
610	  0.066965	 17.994667	   1927.920202	   1927.920202	667493	   1927.933063	   1927.907347	0.0	      0.000000	417	30842853	
611	 -0.009566	 14.935811	   1927.901340	   1927.901340	674244	   1927.914201	   1927.888485	0.0	      0.000000	417	30842853	
612	 16.530895	 44.530018	   1926.719648	   1926.719648	48612	   1926.732509	   1926.706793	0.0	      0.000000	418	53321269	
613	 16.530895	 26.531443	   1926.665448	   1926.665448	68011	   1926.678309	   1926.652593	0.0	      0.000000	418	53321269	
614	 16.530895	 12.259639	   1926.642448	   1926.642448	76243	   1926.655309	   1926.629593	0.0	      0.000000	418	53321269	
615	 16.530895	 14.066242	   1926.618549	   1926.618549	84797	   1926.631409	   1926.605694	0.0	      0.000000	418	53321269	
616	 16.530895	 17.014050	   1926.525049	   1926.525049	118262	   1926.537909	   1926.512193	0.0	      0.000000	418	53321269	
617	 16.530895	 10.893988	   1926.475249	   1926.475249	136086	   1926.488109	   1926.462394	0.0	      0.000000	418	53321269	
618	 16.530895	 12.960504	   1926.451349	   1926.451349	144640	   1926.464210	   1926.438494	0.0	      0.000000	418	53321269	
619	 16.530895	 69.199989	   1926.385649	   1926.385649	168155	   1926.398510	   1926.372794	0.0	      0.000000	418	53321269	
620	 16.530895	 35.606747	   1926.348249	   1926.348249	181541	   1926.361110	   1926.335394	0.0	      0.000000	418	53321269	
621	 -5.472032	 16.199965	   1925.576158	   1925.576158	457883	   1925.589019	   1925.563303	0.0	      0.000000	418	53321269	
622	 10.953630	 10.254959	   1925.215759	   1925.215759	586875	   1925.228620	   1925.202904	0.0	      0.000000	418	53321269	
623	 10.953630	 27.715046	   1925.180759	   1925.180759	599402	   1925.193620	   1925.167904	0.0	      0.000000	418	53321269	
624	-21.907261	 11.482637	   1925.155258	   1925.155258	608529	   1925.168119	   1925.142403	0.0	      0.000000	418	53321269	
625	  5.510298	 12.542265	   1925.128515	   1925.128515	618101	   1925.141375	   1925.115659	0.0	      0.000000	418	53321269	
626	 10.953630	 39.590973	   1925.056559	   1925.056559	643855	   1925.069419	   1925.043704	0.0	      0.000000	418	53321269	
627	 10.953630	 98.834755	   1924.999059	   1924.999059	664435	   1925.011919	   1924.986204	0.0	      0.000000	418	53321269	
628	-27.379293	 21.010365	   1924.949659	   1924.949659	682116	   1924.962519	   1924.936804	0.0	      0.000000	418	53321269	
629	  5.481599	 16.068682	   1924.921758	   1924.921758	692102	   1924.934619	   1924.908903	0.0	      0.000000	418	53321269	
630	 10.953630	 15.186551	   1924.884059	   1924.884059	705595	   1924.896920	   1924.871204	0.0	      0.000000	418	53321269	
631	 10.953630	 12.117158	   1924.738859	   1924.738859	757564	   1924.751720	   1924.726004	0.0	      0.000000	418	53321269	
632	 10.953630	 36.198376	   1924.709959	   1924.709959	767908	   1924.722819	   1924.697104	0.0	      0.000000	418	53321269	
633	 10.953630	 30.415770	   1924.659659	   1924.659659	785911	   1924.672519	   1924.646804	0.0	      0.000000	418	53321269	
634	  5.481599	 27.836351	   1924.640358	   1924.640358	792819	   1924.653219	   1924.627503	0.0	      0.000000	418	53321269	
635	 -0.000000	 12.728882	   1924.582059	   1924.582059	813685	   1924.594920	   1924.569204	0.0	      0.000000	418	53321269	
636	  5.481599	 13.563553	   1924.542558	   1924.542558	827823	   1924.555419	   1924.529703	0.0	      0.000000	418	53321269	
637	 10.953630	 11.778070	   1924.480459	   1924.480459	850049	   1924.493320	   1924.467604	0.0	      0.000000	418	53321269	
638	 10.953630	 12.843560	   1924.422459	   1924.422459	870808	   1924.435320	   1924.409604	0.0	      0.000000	418	53321269	
639	 21.897696	 11.842281	   1923.330619	   1923.330619	213017	   1923.343479	   1923.317764	0.0	      0.000000	419	59057945	
640	  0.009566	 37.016808	   1923.266327	   1923.266327	236028	   1923.279187	   1923.253472	0.0	      0.000000	419	59057945	
641	 -5.491165	 10.671175	   1923.215719	   1923.215719	254141	   1923.228580	   1923.202864	0.0	      0.000000	419	59057945	
642	 -5.491165	 12.491201	   1923.001621	   1923.001621	330770	   1923.014481	   1922.988766	0.0	      0.000000	419	59057945	
643	  0.009566	 17.297054	   1922.934127	   1922.934127	354927	   1922.946987	   1922.921272	0.0	      0.000000	419	59057945	
644	 11.020597	 13.739441	   1922.105299	   1922.105299	651576	   1922.118160	   1922.092444	0.0	      0.000000	419	59057945	
645	 11.020597	 13.137685	   1921.828400	   1921.828400	750682	   1921.841261	   1921.815545	0.0	      0.000000	419	59057945	
646	 11.020597	 28.022266	   1921.705700	   1921.705700	794598	   1921.718561	   1921.692845	0.0	      0.000000	419	59057945	
647	 11.020597	 21.092117	   1921.625700	   1921.625700	823231	   1921.638561	   1921.612845	0.0	      0.000000	419	59057945	
648	 11.020597	 49.570023	   1921.591200	   1921.591200	835579	   1921.604061	   1921.578345	0.0	      0.000000	419	59057945	
649	 11.020597	157.518402	   1921.531801	   1921.531801	856839	   1921.544661	   1921.518946	0.0	      0.000000	419	59057945	
650	 11.020597	 56.165268	   1921.482901	   1921.482901	874341	   1921.495761	   1921.470046	0.0	      0.000000	419	59057945	
651	 11.020597	 81.020882	   1921.456501	   1921.456501	883790	   1921.469361	   1921.443645	0.0	      0.000000	419	59057945	
652	 11.020597	 22.681931	   1921.420601	   1921.420601	896639	   1921.433461	   1921.407746	0.0	      0.000000	419	59057945	
653	 11.020597	 14.849822	   1921.377501	   1921.377501	912065	   1921.390362	   1921.364646	0.0	      0.000000	419	59057945	
654	 11.020597	 20.227169	   1921.349201	   1921.349201	922194	   1921.362062	   1921.336346	0.0	      0.000000	419	59057945	
655	 11.020597	 21.625717	   1921.331501	   1921.331501	928529	   1921.344362	   1921.318646	0.0	      0.000000	419	59057945	
656	 11.020597	 34.403404	   1921.286401	   1921.286401	944671	   1921.299262	   1921.273546	0.0	      0.000000	419	59057945	
657	 11.020597	 15.298065	   1921.241901	   1921.241901	960598	   1921.254762	   1921.229046	0.0	      0.000000	419	59057945	
658	 11.020597	 81.263451	   1921.216001	   1921.216001	969868	   1921.228862	   1921.203146	0.0	      0.000000	419	59057945	
659	 11.020597	 73.917007	   1921.198802	   1921.198802	976024	   1921.211662	   1921.185947	0.0	      0.000000	419	59057945	
660	 11.020597	 48.558392	   1921.180102	   1921.180102	982717	   1921.192962	   1921.167247	0.0	      0.000000	419	59057945	
661	 11.020597	 11.359911	   1921.136901	   1921.136901	998179	   1921.149762	   1921.124046	0.0	      0.000000	419	59057945	
662	 -0.000000	 59.723820	   1899.999999	   1899.999999	174763	   1900.012860	   1899.987144	0.0	      0.000000	427	84	
663	  0.009566	 27.143295	   1891.106576	   1891.106576	212115	   1891.119437	   1891.093721	0.0	      0.000000	430	31	
664	 -0.000000	136.282639	   1875.121150	   1875.121150	690642	   1875.134010	   1875.108295	0.0	      0.000000	435	21477	
665	 -0.000000	 17.467215	   1874.947102	   1874.947102	752936	   1874.959963	   1874.934247	0.0	      0.000000	435	21477	
666	 -0.000000	104.486435	   1860.499691	   1860.499691	680986	   1860.512551	   1860.486836	0.0	      0.000000	440	25512	
667	 -0.000000	 14.652860	   1849.999999	   1849.999999	244668	   1850.012860	   1849.987144	0.0	      0.000000	444	2	
668	  0.899250	 21.536961	   1837.533718	   1837.533718	512220	   1837.546578	   1837.520863	0.0	      0.000000	448	64483	
669	 -0.000000	 54.383610	   1837.499997	   1837.499997	524289	   1837.512858	   1837.487142	0.0	      0.000000	448	64483	
670	  0.076532	 46.281380	   1834.570310	   1834.570310	524289	   1834.583170	   1834.557455	0.0	      0.000000	449	39537	
671	 -0.047832	 53.501328	   1831.640625	   1831.640625	524288	   1831.653486	   1831.627770	0.0	      0.000000	450	151097	
672	 -0.000000	209.351746	   1830.937501	   1830.937501	775946	   1830.950361	   1830.924646	0.0	      0.000000	450	151097	
673	  0.057399	 64.033234	   1828.710935	   1828.710935	524289	   1828.723795	   1828.698080	0.0	      0.000000	451	52700	
674	  0.009566	 75.396400	   1825.781247	   1825.781247	524289	   1825.794108	   1825.768392	0.0	      0.000000	452	52731	
675	  0.028699	 11.943967	   1824.751958	   1824.751958	892686	   1824.764819	   1824.739103	0.0	      0.000000	452	52731	
676	  0.019133	 84.554497	   1822.851562	   1822.851562	524288	   1822.864423	   1822.838707	0.0	      0.000000	453	53622	
677	  0.009566	 92.113510	   1819.921872	   1819.921872	524289	   1819.934733	   1819.909017	0.0	      0.000000	454	63109	
678	 -0.009566	100.590370	   1816.992185	   1816.992185	524289	   1817.005045	   1816.979330	0.0	      0.000000	455	65799	
679	  0.076532	112.799026	   1814.062497	   1814.062497	524289	   1814.075358	   1814.049642	0.0	      0.000000	456	65821	
680	 -0.086098	127.541100	   1811.132815	   1811.132815	524287	   1811.145676	   1811.119960	0.0	      0.000000	457	65848	
681	 -0.076532	142.597977	   1808.203128	   1808.203128	524287	   1808.215988	   1808.190273	0.0	      0.000000	458	65849	
682	 -0.076532	154.339554	   1805.273440	   1805.273440	524287	   1805.286301	   1805.260585	0.0	      0.000000	459	65878	
683	  0.086098	163.333725	   1802.343747	   1802.343747	524289	   1802.356608	   1802.330892	0.0	      0.000000	460	65927	
684	 -0.000000	838.434082	   1799.999999	   1799.999999	314573	   1800.012860	   1799.987144	0.0	      0.000000	461	171201	
685	  0.038266	177.026001	   1799.414062	   1799.414062	524288	   1799.426923	   1799.401207	0.0	      0.000000	461	171201	
686	 -0.038266	191.625671	   1796.484378	   1796.484378	524287	   1796.497238	   1796.471523	0.0	      0.000000	462	74320	
687	  0.086098	214.805450	   1793.554685	   1793.554685	524289	   1793.567545	   1793.541830	0.0	      0.000000	463	98705	
688	 -0.047832	178.745163	   1790.625000	   1790.625000	524288	   1790.637861	   1790.612145	0.0	      0.000000	464	66311	
689	 -0.000000	 14.429103	   1790.000001	   1790.000001	747984	   1790.012861	   1789.987146	0.0	      0.000000	464	66311	
690	 -0.000000	262.939667	   1787.695310	   1787.695310	524289	   1787.708170	   1787.682455	0.0	      0.000000	465	105385	
691	 -0.076532	281.718140	   1784.765628	   1784.765628	524287	   1784.778488	   1784.752773	0.0	      0.000000	466	110910	
692	  0.057399	293.228149	   1781.835935	   1781.835935	524289	   1781.848795	   1781.823080	0.0	      0.000000	467	118102	
693	 -0.000000	 27.145163	   1779.999999	   1779.999999	132820	   1780.012860	   1779.987144	0.0	      0.000000	468	118377	
694	 -0.057399	314.709442	   1778.906253	   1778.906253	524287	   1778.919113	   1778.893398	0.0	      0.000000	468	118377	
695	 -0.000000	340.711365	   1775.976560	   1775.976560	524289	   1775.989420	   1775.963705	0.0	      0.000000	469	188073	
696	  0.573989	 10.386618	   1775.027376	   1775.027376	864015	   1775.040237	   1775.014521	0.0	      0.000000	469	188073	
697	 -0.066965	 16.868958	   1774.983399	   1774.983399	879755	   1774.996260	   1774.970544	0.0	      0.000000	469	188073	
698	 -0.870551	 37.603729	   1774.968530	   1774.968530	885077	   1774.981390	   1774.955675	0.0	      0.000000	469	188073	
699	 -0.353960	 16.818394	   1774.949983	   1774.949983	891715	   1774.962844	   1774.937128	0.0	      0.000000	469	188073	
700	  0.009566	368.676117	   1773.046872	   1773.046872	524289	   1773.059733	   1773.034017	0.0	      0.000000	470	118415	
701	  0.057399	385.470886	   1770.117185	   1770.117185	524289	   1770.130045	   1770.104330	0.0	      0.000000	471	118542	
702	 -0.000000	117.417641	   1770.000000	   1770.000000	566231	   1770.012861	   1769.987145	0.0	      0.000000	471	118542	
703	 -0.009566	405.667572	   1767.187497	   1767.187497	524289	   1767.200358	   1767.174642	0.0	      0.000000	472	118635	
704	 -0.009566	413.141205	   1764.257815	   1764.257815	524287	   1764.270676	   1764.244960	0.0	      0.000000	473	119037	
705	  0.086098	425.369934	   1761.328122	   1761.328122	524289	   1761.340983	   1761.315267	0.0	      0.000000	474	126253	
706	 -0.000000	119.837898	   1760.000001	   1760.000001	999642	   1760.012862	   1759.987146	0.0	      0.000000	474	126253	
707	 -0.076532	441.652344	   1758.398440	   1758.398440	524287	   1758.411301	   1758.385585	0.0	      0.000000	475	125764	
708	  0.076532	457.241425	   1755.468747	   1755.468747	524289	   1755.481608	   1755.455892	0.0	      0.000000	476	128224	
709	  0.057399	476.807800	   1752.539060	   1752.539060	524289	   1752.551920	   1752.526205	0.0	      0.000000	477	131545	
710	 -0.019133	 10.293218	   1750.039749	   1750.039749	370251	   1750.052610	   1750.026894	0.0	      0.000000	478	911226	
711	 -0.000000	285.848602	   1750.000000	   1750.000000	384478	   1750.012860	   1749.987145	0.0	      0.000000	478	911226	
712	 -0.000000	251.302048	   1749.985546	   1749.985546	389651	   1749.998407	   1749.972691	0.0	      0.000000	478	911226	
713	  0.076532	487.095520	   1749.609372	   1749.609372	524289	   1749.622233	   1749.596517	0.0	      0.000000	478	911226	
714	 -0.086098	499.731354	   1746.679690	   1746.679690	524287	   1746.692551	   1746.666835	0.0	      0.000000	479	131550	
715	 -0.009566	803.780640	   1743.749997	   1743.749997	524289	   1743.762858	   1743.737142	0.0	      0.000000	480	178048	
716	 -0.009566	531.823303	   1740.820310	   1740.820310	524289	   1740.833170	   1740.807455	0.0	      0.000000	481	131848	
717	 -0.000000	117.838364	   1740.000001	   1740.000001	817889	   1740.012861	   1739.987146	0.0	      0.000000	481	131848	
718	 -0.000000	553.053223	   1737.890622	   1737.890622	524289	   1737.903483	   1737.877767	0.0	      0.000000	482	131706	
719	 -0.076532	580.342468	   1734.960940	   1734.960940	524287	   1734.973801	   1734.948085	0.0	      0.000000	483	132433	
720	 -0.057399	 36.614124	   1733.987189	   1733.987189	872806	   1734.000050	   1733.974334	0.0	      0.000000	483	132433	
721	 -0.086098	605.553345	   1732.031253	   1732.031253	524287	   1732.044113	   1732.018398	0.0	      0.000000	484	136364	
722	 -0.000000	 51.524555	   1729.999999	   1729.999999	202725	   1730.012860	   1729.987144	0.0	      0.000000	485	141530	
723	 -0.000000	626.822266	   1729.101565	   1729.101565	524287	   1729.114426	   1729.088710	0.0	      0.000000	485	141530	
724	 -0.086098	645.901367	   1726.171878	   1726.171878	524287	   1726.184738	   1726.159023	0.0	      0.000000	486	143074	
725	  0.009566	666.048096	   1723.242185	   1723.242185	524289	   1723.255045	   1723.229330	0.0	      0.000000	487	145512	
726	 -0.000000	697.510132	   1720.312497	   1720.312497	524289	   1720.325358	   1720.299642	0.0	      0.000000	488	156695	
727	 -0.000000	 36.390640	   1720.000000	   1720.000000	636136	   1720.012861	   1719.987145	0.0	      0.000000	488	156695	
728	  0.009566	715.804443	   1717.382815	   1717.382815	524287	   1717.395676	   1717.369960	0.0	      0.000000	489	158022	
729	 -0.000000	711.496216	   1714.453128	   1714.453128	524287	   1714.465988	   1714.440273	0.0	      0.000000	490	157968	
730	 -0.334827	 64.908897	   1712.512709	   1712.512709	170214	   1712.525569	   1712.499854	0.0	      0.000000	491	340056	
731	  0.277428	 40.209160	   1712.482453	   1712.482453	181043	   1712.495314	   1712.469598	0.0	      0.000000	491	340056	
732	 -0.000000	742.171082	   1711.523440	   1711.523440	524287	   1711.536301	   1711.510585	0.0	      0.000000	491	340056	
733	  0.057399	751.292847	   1708.593747	   1708.593747	524289	   1708.606608	   1708.580892	0.0	      0.000000	492	165383	
734	  0.066965	760.739685	   1705.664060	   1705.664060	524289	   1705.676920	   1705.651205	0.0	      0.000000	493	171377	
735	 -0.086098	777.825623	   1702.734378	   1702.734378	524287	   1702.747238	   1702.721523	0.0	      0.000000	494	172321	
736	 -0.000000	149.215881	   1700.000000	   1700.000000	454383	   1700.012860	   1699.987145	0.0	      0.000000	495	187809	
737	 -0.009566	788.027283	   1699.804690	   1699.804690	524287	   1699.817551	   1699.791835	0.0	      0.000000	495	187809	
738	  0.057399	812.700623	   1696.874997	   1696.874997	524289	   1696.887858	   1696.862142	0.0	      0.000000	496	177758	
739	  0.066965	802.764648	   1693.945310	   1693.945310	524289	   1693.958170	   1693.932455	0.0	      0.000000	497	176738	
740	  0.076532	801.484619	   1691.015622	   1691.015622	524289	   1691.028483	   1691.002767	0.0	      0.000000	498	1003911	
741	 -0.076532	 20.781330	   1690.982030	   1690.982030	536312	   1690.994891	   1690.969175	0.0	      0.000000	498	1003911	
742	 -0.000000	797.684753	   1688.085940	   1688.085940	524287	   1688.098801	   1688.073085	0.0	      0.000000	499	174866	
743	  0.057399	802.015503	   1685.156247	   1685.156247	524289	   1685.169108	   1685.143392	0.0	      0.000000	500	180790	
744	 -0.000000	 10.515607	   1683.346583	   1683.346583	123417	   1683.359444	   1683.333728	0.0	      0.000000	501	179013	
745	 -0.000000	 70.508743	   1683.319482	   1683.319482	133117	   1683.332342	   1683.306627	0.0	      0.000000	501	179013	
746	  0.086098	811.310669	   1682.226560	   1682.226560	524289	   1682.239420	   1682.213705	0.0	      0.000000	501	179013	
747	 -0.028699	810.066772	   1679.296875	   1679.296875	524288	   1679.309736	   1679.284020	0.0	      0.000000	502	173659	
748	  0.047832	810.333435	   1676.367188	   1676.367188	524288	   1676.380048	   1676.354332	0.0	      0.000000	503	181431	
749	 -0.057399	816.108215	   1673.437503	   1673.437503	524287	   1673.450363	   1673.424648	0.0	      0.000000	504	182679	
750	  0.009566	818.481995	   1670.507810	   1670.507810	524289	   1670.520670	   1670.494955	0.0	      0.000000	505	180656	
751	 -0.066965	812.359070	   1667.578128	   1667.578128	524287	   1667.590988	   1667.565273	0.0	      0.000000	506	179358	
752	  0.086098	795.454468	   1664.648435	   1664.648435	524289	   1664.661295	   1664.635580	0.0	      0.000000	507	180004	
753	  0.009566	 32.976635	   1662.013279	   1662.013279	418872	   1662.026140	   1662.000424	0.0	      0.000000	508	176456	
754	 -0.028699	 35.321819	   1661.962596	   1661.962596	437012	   1661.975457	   1661.949741	0.0	      0.000000	508	176456	
755	 -0.000000	811.872253	   1661.718753	   1661.718753	524287	   1661.731613	   1661.705898	0.0	      0.000000	508	176456	
756	 -0.000000	823.464783	   1658.789060	   1658.789060	524289	   1658.801920	   1658.776205	0.0	      0.000000	509	182834	
757	  0.086098	799.609375	   1655.859372	   1655.859372	524289	   1655.872233	   1655.846517	0.0	      0.000000	510	175365	
758	 -0.076532	775.083069	   1652.929690	   1652.929690	524287	   1652.942551	   1652.916835	0.0	      0.000000	511	169999	
