# -------------------------- o --------------------------
# File ID: spliced_blc0x1x2x_guppi_59524_17215_OFF_HD13908_0033.rawspec.0000.h5 
# -------------------------- o --------------------------
# Source:OFF_HD13908
# MJD: 59524.199247685188	RA: 2h18m14.496s	DEC: 65d35m36.96s
# DELTAT:  18.253611	DELTAF(Hz):  -2.793968	max_drift_rate:  31.515000	obs_length: 292.057776
# --------------------------
# Top_Hit_# 	Drift_Rate 	SNR 	Uncorrected_Frequency 	Corrected_Frequency 	Index 	freq_start 	freq_end 	SEFD 	SEFD_freq 	Coarse_Channel_Number 	Full_number_of_hits 	
# --------------------------
001	 -0.038266	 10.844704	   3151.200501	   3151.200501	94612	   3151.213362	   3151.187646	0.0	      0.000000	0	71903251	
002	 -0.028699	418.735077	   3150.900373	   3150.900373	202032	   3150.913233	   3150.887518	0.0	      0.000000	0	71903251	
003	 -0.009566	3892.514893	   3150.600248	   3150.600248	309451	   3150.613108	   3150.587393	0.0	      0.000000	0	71903251	
004	 -0.334827	293.331390	   3150.488204	   3150.488204	349553	   3150.501065	   3150.475349	0.0	      0.000000	0	71903251	
005	 -0.009566	283947.843750	   3150.300125	   3150.300125	416869	   3150.312986	   3150.287270	0.0	      0.000000	0	71903251	
006	 -0.047832	611.395996	   3150.244084	   3150.244084	436927	   3150.256944	   3150.231229	0.0	      0.000000	0	71903251	
007	 -0.162630	 23.102310	   3150.188054	   3150.188054	456981	   3150.200914	   3150.175199	0.0	      0.000000	0	71903251	
008	  0.191330	 18.160248	   3150.168110	   3150.168110	464119	   3150.180971	   3150.155255	0.0	      0.000000	0	71903251	
009	 -0.286995	 27.792057	   3150.132029	   3150.132029	477033	   3150.144890	   3150.119174	0.0	      0.000000	0	71903251	
010	  0.210463	 38.505344	   3150.112058	   3150.112058	484181	   3150.124918	   3150.099203	0.0	      0.000000	0	71903251	
011	 -0.000000	208.368195	   3150.091553	   3150.091553	491520	   3150.104413	   3150.078698	0.0	      0.000000	0	71903251	
012	 -0.000000	 66.086563	   3150.042669	   3150.042669	509016	   3150.055530	   3150.029814	0.0	      0.000000	0	71903251	
013	 -0.000000	 61.648163	   3150.021664	   3150.021664	516534	   3150.034525	   3150.008809	0.0	      0.000000	0	71903251	
014	  0.019133	192000.781250	   3149.999997	   3149.999997	524289	   3150.012858	   3149.987142	0.0	      0.000000	0	71903251	
015	 -0.000000	 61.648167	   3149.978336	   3149.978336	532042	   3149.991196	   3149.965481	0.0	      0.000000	0	71903251	
016	 -0.000000	 66.086563	   3149.957331	   3149.957331	539560	   3149.970191	   3149.944475	0.0	      0.000000	0	71903251	
017	 -0.000000	208.368195	   3149.908447	   3149.908447	557056	   3149.921308	   3149.895592	0.0	      0.000000	0	71903251	
018	 -0.210463	 38.505341	   3149.887942	   3149.887942	564395	   3149.900803	   3149.875087	0.0	      0.000000	0	71903251	
019	  0.286995	 27.792061	   3149.867971	   3149.867971	571543	   3149.880832	   3149.855116	0.0	      0.000000	0	71903251	
020	 -0.191330	 18.160248	   3149.831890	   3149.831890	584457	   3149.844750	   3149.819035	0.0	      0.000000	0	71903251	
021	  0.162630	 23.102308	   3149.811946	   3149.811946	591595	   3149.824807	   3149.799091	0.0	      0.000000	0	71903251	
022	  0.047832	611.395996	   3149.755916	   3149.755916	611649	   3149.768777	   3149.743061	0.0	      0.000000	0	71903251	
023	  0.009566	283947.812500	   3149.699875	   3149.699875	631707	   3149.712735	   3149.687020	0.0	      0.000000	0	71903251	
024	  0.334827	293.331390	   3149.511796	   3149.511796	699023	   3149.524657	   3149.498941	0.0	      0.000000	0	71903251	
025	  0.009566	3892.514648	   3149.399752	   3149.399752	739125	   3149.412613	   3149.386897	0.0	      0.000000	0	71903251	
026	  0.028699	418.735077	   3149.099627	   3149.099627	846544	   3149.112488	   3149.086772	0.0	      0.000000	0	71903251	
027	  0.038266	 10.844704	   3148.799499	   3148.799499	953964	   3148.812360	   3148.786644	0.0	      0.000000	0	71903251	
028	 -1.339309	485.744354	   3147.070385	   3147.070385	524262	   3147.083246	   3147.057530	0.0	      0.000000	1	321867	
029	 -0.000000	1031.761108	   3146.314114	   3146.314114	794942	   3146.326975	   3146.301259	0.0	      0.000000	1	321867	
030	 -0.000000	1875.328369	   3145.557913	   3145.557913	17021	   3145.570773	   3145.545058	0.0	      0.000000	2	447816	
031	 -0.000000	136.209488	   3144.903121	   3144.903121	251380	   3144.915982	   3144.890266	0.0	      0.000000	2	447816	
032	 -0.000000	212.526505	   3144.471171	   3144.471171	405981	   3144.484032	   3144.458316	0.0	      0.000000	2	447816	
033	 31.358953	190.577698	   3144.138904	   3144.138904	524904	   3144.151765	   3144.126049	0.0	      0.000000	2	447816	
034	 -0.000000	 13.770580	   3143.365400	   3143.365400	801752	   3143.378260	   3143.352544	0.0	      0.000000	2	447816	
035	 -0.000000	 41.687351	   3143.088962	   3143.088962	900693	   3143.101822	   3143.076107	0.0	      0.000000	2	447816	
036	 -0.000000	 12.646215	   3142.996811	   3142.996811	933675	   3143.009672	   3142.983956	0.0	      0.000000	2	447816	
037	 -0.000000	3551.115967	   3142.628225	   3142.628225	17021	   3142.641086	   3142.615370	0.0	      0.000000	3	1992123	
038	 -0.000000	 11.961980	   3142.167491	   3142.167491	181924	   3142.180352	   3142.154636	0.0	      0.000000	3	1992123	
039	 -0.000000	 18.247122	   3141.891054	   3141.891054	280865	   3141.903914	   3141.878198	0.0	      0.000000	3	1992123	
040	 -0.000000	 63.442528	   3141.706755	   3141.706755	346828	   3141.719616	   3141.693900	0.0	      0.000000	3	1992123	
041	 -0.000000	 69.811394	   3141.246019	   3141.246019	511732	   3141.258879	   3141.233164	0.0	      0.000000	3	1992123	
042	 25.322498	157.298431	   3141.209549	   3141.209549	524785	   3141.222410	   3141.196694	0.0	      0.000000	3	1992123	
043	 -0.000000	58869.574219	   3140.785282	   3140.785282	676636	   3140.798143	   3140.772427	0.0	      0.000000	3	1992123	
044	 -0.000000	 10.673630	   3140.693131	   3140.693131	709618	   3140.705992	   3140.680276	0.0	      0.000000	3	1992123	
045	 -0.000000	 18.351858	   3140.508847	   3140.508847	775576	   3140.521708	   3140.495992	0.0	      0.000000	3	1992123	
046	 -0.000000	 47.918610	   3140.416696	   3140.416696	808558	   3140.429557	   3140.403841	0.0	      0.000000	3	1992123	
047	 -0.000000	 15.927513	   3140.324546	   3140.324546	841540	   3140.337406	   3140.311691	0.0	      0.000000	3	1992123	
048	 -0.000000	 16.571693	   3140.140247	   3140.140247	907503	   3140.153108	   3140.127392	0.0	      0.000000	3	1992123	
049	 -0.000000	 64.130318	   3140.048110	   3140.048110	940480	   3140.060971	   3140.035255	0.0	      0.000000	3	1992123	
050	 -0.000000	 96.936813	   3140.000001	   3140.000001	957699	   3140.012862	   3139.987146	0.0	      0.000000	3	1992123	
051	 -0.000000	 27.898293	   3139.863812	   3139.863812	1006443	   3139.876673	   3139.850957	0.0	      0.000000	3	1992123	
052	 -0.000000	 94.971321	   3139.806245	   3139.806245	1027047	   3139.819106	   3139.793390	0.0	      0.000000	3	1992123	
053	 -0.000000	 11.597143	   3139.679511	   3139.679511	23831	   3139.692371	   3139.666656	0.0	      0.000000	4	987233	
054	 -0.000000	 10.715147	   3139.403076	   3139.403076	122771	   3139.415936	   3139.390220	0.0	      0.000000	4	987233	
055	 -0.000000	 16.010750	   3139.310925	   3139.310925	155753	   3139.323786	   3139.298070	0.0	      0.000000	4	987233	
056	 -0.000000	6610.417480	   3138.942339	   3138.942339	287675	   3138.955200	   3138.929484	0.0	      0.000000	4	987233	
057	 -0.000000	 10.039279	   3138.481603	   3138.481603	452579	   3138.494463	   3138.468748	0.0	      0.000000	4	987233	
058	-19.486940	198.252792	   3138.282320	   3138.282320	523905	   3138.295181	   3138.269465	0.0	      0.000000	4	987233	
059	 -0.009566	 11.187460	   3138.020869	   3138.020869	617482	   3138.033730	   3138.008014	0.0	      0.000000	4	987233	
060	 -0.000000	 11.923345	   3137.467982	   3137.467982	815368	   3137.480843	   3137.455127	0.0	      0.000000	4	987233	
061	 -0.000000	4339.921875	   3137.099396	   3137.099396	947290	   3137.112257	   3137.086541	0.0	      0.000000	4	987233	
062	 -0.000000	 37.387371	   3136.876558	   3136.876558	1027047	   3136.889418	   3136.863703	0.0	      0.000000	4	987233	
063	 -0.000000	 21.966320	   3136.711783	   3136.711783	37446	   3136.724644	   3136.698928	0.0	      0.000000	5	1389904	
064	 -0.000000	 24.331926	   3136.638660	   3136.638660	63618	   3136.651520	   3136.625805	0.0	      0.000000	5	1389904	
065	 -0.000000	 12.279901	   3136.362224	   3136.362224	162558	   3136.375085	   3136.349369	0.0	      0.000000	5	1389904	
066	 -0.000000	 10.133344	   3135.625039	   3135.625039	426407	   3135.637899	   3135.612184	0.0	      0.000000	5	1389904	
067	  0.334827	209.381165	   3135.351543	   3135.351543	524295	   3135.364404	   3135.338688	0.0	      0.000000	5	1389904	
068	 -0.000000	51644.511719	   3135.256453	   3135.256453	558329	   3135.269314	   3135.243598	0.0	      0.000000	5	1389904	
069	 -0.000000	 10.400846	   3134.980015	   3134.980015	657270	   3134.992876	   3134.967160	0.0	      0.000000	5	1389904	
070	 -0.000000	 31.469948	   3134.887867	   3134.887867	690251	   3134.900728	   3134.875012	0.0	      0.000000	5	1389904	
071	 -0.000000	 70.766258	   3134.795717	   3134.795717	723233	   3134.808577	   3134.782862	0.0	      0.000000	5	1389904	
072	 -0.009566	 23.284557	   3134.725510	   3134.725510	748361	   3134.738370	   3134.712655	0.0	      0.000000	5	1389904	
073	 -0.000000	 21.778284	   3134.703566	   3134.703566	756215	   3134.716427	   3134.690711	0.0	      0.000000	5	1389904	
074	 -0.000000	 25.600267	   3134.611418	   3134.611418	789196	   3134.624279	   3134.598563	0.0	      0.000000	5	1389904	
075	 -0.000000	119.729919	   3134.519279	   3134.519279	822174	   3134.532139	   3134.506424	0.0	      0.000000	5	1389904	
076	 -0.000000	 52.332310	   3134.427131	   3134.427131	855155	   3134.439991	   3134.414276	0.0	      0.000000	5	1389904	
077	 -0.000000	 49.583702	   3134.334980	   3134.334980	888137	   3134.347841	   3134.322125	0.0	      0.000000	5	1389904	
078	 -0.000000	 68.974190	   3134.242829	   3134.242829	921119	   3134.255690	   3134.229974	0.0	      0.000000	5	1389904	
079	 -0.000000	138.315506	   3134.150682	   3134.150682	954100	   3134.163542	   3134.137827	0.0	      0.000000	5	1389904	
080	 -0.000000	 49.437363	   3134.058545	   3134.058545	987077	   3134.071406	   3134.045690	0.0	      0.000000	5	1389904	
081	 -0.000000	160.145996	   3133.782096	   3133.782096	37446	   3133.794956	   3133.769241	0.0	      0.000000	6	2935900	
082	 -0.000000	 15.881201	   3133.689945	   3133.689945	70428	   3133.702806	   3133.677090	0.0	      0.000000	6	2935900	
083	 -0.000000	 59.998795	   3133.597809	   3133.597809	103405	   3133.610669	   3133.584953	0.0	      0.000000	6	2935900	
084	 -0.000000	 55.987659	   3133.505658	   3133.505658	136387	   3133.518519	   3133.492803	0.0	      0.000000	6	2935900	
085	 -0.000000	58477.910156	   3133.413510	   3133.413510	169368	   3133.426371	   3133.400655	0.0	      0.000000	6	2935900	
086	 -0.000000	 55.205967	   3133.321359	   3133.321359	202350	   3133.334220	   3133.308504	0.0	      0.000000	6	2935900	
087	 -0.000000	 51.766788	   3133.229209	   3133.229209	235332	   3133.242069	   3133.216354	0.0	      0.000000	6	2935900	
088	 -0.000000	109.826370	   3133.137072	   3133.137072	268309	   3133.149933	   3133.124217	0.0	      0.000000	6	2935900	
089	 -0.000000	154.195328	   3133.044924	   3133.044924	301290	   3133.057785	   3133.032069	0.0	      0.000000	6	2935900	
090	 -0.000000	 37.878902	   3132.952774	   3132.952774	334272	   3132.965634	   3132.939919	0.0	      0.000000	6	2935900	
091	 -0.000000	233.301895	   3132.676336	   3132.676336	433213	   3132.689196	   3132.663481	0.0	      0.000000	6	2935900	
092	 -0.000000	 64.377129	   3132.584188	   3132.584188	466194	   3132.597048	   3132.571333	0.0	      0.000000	6	2935900	
093	 -0.000000	 95.739174	   3132.492037	   3132.492037	499176	   3132.504898	   3132.479182	0.0	      0.000000	6	2935900	
094	-17.468410	203.429749	   3132.422828	   3132.422828	523947	   3132.435688	   3132.409973	0.0	      0.000000	6	2935900	
095	 -0.000000	 91.944565	   3132.399886	   3132.399886	532158	   3132.412747	   3132.387031	0.0	      0.000000	6	2935900	
096	 -0.000000	208.492493	   3132.307739	   3132.307739	565139	   3132.320599	   3132.294884	0.0	      0.000000	6	2935900	
097	 -0.009566	 17.816303	   3132.215602	   3132.215602	598116	   3132.228463	   3132.202747	0.0	      0.000000	6	2935900	
098	 -0.000000	 35.871925	   3132.123451	   3132.123451	631098	   3132.136312	   3132.110596	0.0	      0.000000	6	2935900	
099	 -0.000000	 17.245024	   3132.031301	   3132.031301	664080	   3132.044161	   3132.018446	0.0	      0.000000	6	2935900	
100	 -0.000000	 31.042681	   3131.939150	   3131.939150	697062	   3131.952011	   3131.926295	0.0	      0.000000	6	2935900	
101	 -0.000000	 14.774764	   3131.847002	   3131.847002	730043	   3131.859863	   3131.834147	0.0	      0.000000	6	2935900	
102	 -0.000000	5152.832520	   3131.570564	   3131.570564	828984	   3131.583425	   3131.557709	0.0	      0.000000	6	2935900	
103	 -0.000000	 14.035380	   3131.386266	   3131.386266	894947	   3131.399126	   3131.373411	0.0	      0.000000	6	2935900	
104	 -0.000000	 10.989639	   3131.294129	   3131.294129	927924	   3131.306990	   3131.281274	0.0	      0.000000	6	2935900	
105	 -0.000000	2019.178833	   3130.814366	   3130.814366	51062	   3130.827226	   3130.801511	0.0	      0.000000	7	1018515	
106	 -0.000000	 43.489090	   3130.649094	   3130.649094	110215	   3130.661955	   3130.636239	0.0	      0.000000	7	1018515	
107	 -0.000000	 12.205194	   3130.556943	   3130.556943	143197	   3130.569804	   3130.544088	0.0	      0.000000	7	1018515	
108	 -0.000000	 20.714556	   3130.458702	   3130.458702	178359	   3130.471563	   3130.445847	0.0	      0.000000	7	1018515	
109	 -0.000000	 36.851982	   3130.188358	   3130.188358	275119	   3130.201218	   3130.175503	0.0	      0.000000	7	1018515	
110	 -0.000000	 43.451733	   3130.089999	   3130.089999	310323	   3130.102859	   3130.077144	0.0	      0.000000	7	1018515	
111	 -0.000000	2184.945068	   3130.000000	   3130.000000	342535	   3130.012860	   3129.987144	0.0	      0.000000	7	1018515	
112	 -0.000000	15244.760742	   3129.727621	   3129.727621	440023	   3129.740482	   3129.714766	0.0	      0.000000	7	1018515	
113	  0.487891	192.221603	   3129.492160	   3129.492160	524298	   3129.505020	   3129.479305	0.0	      0.000000	7	1018515	
114	 -0.000000	 14.611749	   3129.451186	   3129.451186	538963	   3129.464047	   3129.438331	0.0	      0.000000	7	1018515	
115	 -0.000000	 34.207088	   3129.359035	   3129.359035	571945	   3129.371896	   3129.346180	0.0	      0.000000	7	1018515	
116	 -0.009566	 13.275306	   3129.266888	   3129.266888	604926	   3129.279748	   3129.254032	0.0	      0.000000	7	1018515	
117	 -0.000000	 29.978584	   3128.990450	   3128.990450	703867	   3129.003310	   3128.977595	0.0	      0.000000	7	1018515	
118	 -0.009566	 12.340791	   3128.621853	   3128.621853	835793	   3128.634713	   3128.608998	0.0	      0.000000	7	1018515	
119	 -0.000000	 16.440584	   3128.529713	   3128.529713	868771	   3128.542574	   3128.516858	0.0	      0.000000	7	1018515	
120	 -0.000000	27780.349609	   3127.884678	   3127.884678	51062	   3127.897539	   3127.871823	0.0	      0.000000	8	723063	
121	 -0.000000	 22.503014	   3127.423942	   3127.423942	215966	   3127.436802	   3127.411087	0.0	      0.000000	8	723063	
122	 -0.000000	 12.891694	   3127.239643	   3127.239643	281929	   3127.252504	   3127.226788	0.0	      0.000000	8	723063	
123	 -0.000000	 48.622715	   3127.147507	   3127.147507	314906	   3127.160367	   3127.134652	0.0	      0.000000	8	723063	
124	 -0.000000	 29.132792	   3126.778907	   3126.778907	446833	   3126.791767	   3126.766052	0.0	      0.000000	8	723063	
125	 -0.000000	 18.810102	   3126.686770	   3126.686770	479810	   3126.699631	   3126.673915	0.0	      0.000000	8	723063	
126	 -0.000000	 13.808661	   3126.594622	   3126.594622	512791	   3126.607483	   3126.581767	0.0	      0.000000	8	723063	
127	 21.141943	191.232819	   3126.561341	   3126.561341	524703	   3126.574201	   3126.548485	0.0	      0.000000	8	723063	
128	 -0.000000	 35.866043	   3126.502472	   3126.502472	545773	   3126.515332	   3126.489617	0.0	      0.000000	8	723063	
129	 -0.000000	 29.353937	   3126.410321	   3126.410321	578755	   3126.423182	   3126.397466	0.0	      0.000000	8	723063	
130	 -0.000000	 15.388254	   3126.318173	   3126.318173	611736	   3126.331034	   3126.305318	0.0	      0.000000	8	723063	
131	 -0.000000	 11.793328	   3126.226034	   3126.226034	644714	   3126.238894	   3126.213179	0.0	      0.000000	8	723063	
132	 -0.000000	3363.520020	   3126.041735	   3126.041735	710677	   3126.054596	   3126.028880	0.0	      0.000000	8	723063	
133	 -0.028699	 14.415688	   3125.973437	   3125.973437	735122	   3125.986297	   3125.960582	0.0	      0.000000	8	723063	
134	 -0.000000	 40.243813	   3125.673149	   3125.673149	842599	   3125.686010	   3125.660294	0.0	      0.000000	8	723063	
135	 -0.000000	 18.703596	   3125.580999	   3125.580999	875581	   3125.593859	   3125.568144	0.0	      0.000000	8	723063	
136	 -0.000000	 14.823032	   3125.396700	   3125.396700	941544	   3125.409561	   3125.383845	0.0	      0.000000	8	723063	
137	 -0.000000	 42.701210	   3125.304564	   3125.304564	974521	   3125.317424	   3125.291708	0.0	      0.000000	8	723063	
138	 -0.000000	 31.068262	   3124.935964	   3124.935964	57872	   3124.948824	   3124.923109	0.0	      0.000000	9	540202	
139	 -0.000000	 27.904467	   3124.659529	   3124.659529	156812	   3124.672389	   3124.646674	0.0	      0.000000	9	540202	
140	 -0.000000	3889.247070	   3124.198792	   3124.198792	321716	   3124.211653	   3124.185937	0.0	      0.000000	9	540202	
141	 -0.000000	 11.158391	   3123.738056	   3123.738056	486620	   3123.750916	   3123.725201	0.0	      0.000000	9	540202	
142	  5.892958	181.124481	   3123.632486	   3123.632486	524405	   3123.645346	   3123.619631	0.0	      0.000000	9	540202	
143	 -0.009566	 49.734993	   3123.461621	   3123.461621	585560	   3123.474481	   3123.448765	0.0	      0.000000	9	540202	
144	 -0.000000	 26.031326	   3123.369470	   3123.369470	618542	   3123.382330	   3123.356615	0.0	      0.000000	9	540202	
145	 -0.000000	 36.338741	   3123.277319	   3123.277319	651524	   3123.290180	   3123.264464	0.0	      0.000000	9	540202	
146	 -0.000000	 64.611336	   3123.093021	   3123.093021	717487	   3123.105881	   3123.080166	0.0	      0.000000	9	540202	
147	 -0.009566	 11.556093	   3122.816586	   3122.816586	816427	   3122.829446	   3122.803731	0.0	      0.000000	9	540202	
148	 -0.000000	 25.885342	   3122.724435	   3122.724435	849409	   3122.737296	   3122.711580	0.0	      0.000000	9	540202	
149	 -0.000000	 11.627663	   3122.709104	   3122.709104	854896	   3122.721965	   3122.696249	0.0	      0.000000	9	540202	
150	 -0.000000	 10.350417	   3122.632284	   3122.632284	882391	   3122.645145	   3122.619429	0.0	      0.000000	9	540202	
151	 -0.000000	2010.393311	   3122.355849	   3122.355849	981331	   3122.368710	   3122.342994	0.0	      0.000000	9	540202	
152	 -0.000000	313.243896	   3122.340312	   3122.340312	986892	   3122.353172	   3122.327457	0.0	      0.000000	9	540202	
153	 -0.000000	 17.001764	   3121.895113	   3121.895113	97659	   3121.907973	   3121.882258	0.0	      0.000000	10	390497	
154	 -0.000000	 37.926598	   3121.610058	   3121.610058	199684	   3121.622919	   3121.597203	0.0	      0.000000	10	390497	
155	 -0.000000	 22.011513	   3121.434376	   3121.434376	262563	   3121.447237	   3121.421521	0.0	      0.000000	10	390497	
156	 -0.000000	 10.399130	   3121.333525	   3121.333525	298659	   3121.346386	   3121.320670	0.0	      0.000000	10	390497	
157	 -0.000000	 24.180374	   3121.250078	   3121.250078	328526	   3121.262938	   3121.237223	0.0	      0.000000	10	390497	
158	 -0.000000	 16.987518	   3120.973640	   3120.973640	427467	   3120.986500	   3120.960785	0.0	      0.000000	10	390497	
159	 -0.000000	 26.869989	   3120.872649	   3120.872649	463613	   3120.885510	   3120.859794	0.0	      0.000000	10	390497	
160	-27.694988	167.517532	   3120.704642	   3120.704642	523745	   3120.717503	   3120.691787	0.0	      0.000000	10	390497	
161	 -0.009566	1104.664185	   3120.512906	   3120.512906	592370	   3120.525767	   3120.500051	0.0	      0.000000	10	390497	
162	 -0.000000	 16.196104	   3120.135254	   3120.135254	727537	   3120.148114	   3120.122399	0.0	      0.000000	10	390497	
163	 -0.000000	 23.067511	   3120.052170	   3120.052170	757274	   3120.065030	   3120.039315	0.0	      0.000000	10	390497	
164	 -0.000000	 28.671215	   3120.000001	   3120.000001	775946	   3120.012861	   3119.987146	0.0	      0.000000	10	390497	
165	 -0.000000	109.223457	   3119.775732	   3119.775732	856215	   3119.788592	   3119.762877	0.0	      0.000000	10	390497	
166	 -0.000000	 15.963745	   3119.758744	   3119.758744	862295	   3119.771605	   3119.745889	0.0	      0.000000	10	390497	
167	 -0.000000	 20.474279	   3119.683584	   3119.683584	889196	   3119.696444	   3119.670729	0.0	      0.000000	10	390497	
168	 -0.000000	 60.513550	   3119.591433	   3119.591433	922178	   3119.604294	   3119.578578	0.0	      0.000000	10	390497	
169	 -0.000000	 10.823455	   3119.574342	   3119.574342	928295	   3119.587203	   3119.561487	0.0	      0.000000	10	390497	
170	 -0.000000	 17.386713	   3119.499283	   3119.499283	955160	   3119.512143	   3119.486427	0.0	      0.000000	10	390497	
171	 -0.000000	 50.028187	   3119.426162	   3119.426162	981331	   3119.439022	   3119.413307	0.0	      0.000000	10	390497	
172	 -0.000000	 51.806522	   3119.407135	   3119.407135	988141	   3119.419995	   3119.394280	0.0	      0.000000	10	390497	
173	 -0.000000	 10.796184	   3119.130697	   3119.130697	38506	   3119.143557	   3119.117842	0.0	      0.000000	11	635385	
174	 -0.000000	 17.712952	   3119.038546	   3119.038546	71488	   3119.051407	   3119.025691	0.0	      0.000000	11	635385	
175	 -0.000000	 10.720447	   3119.021145	   3119.021145	77716	   3119.034006	   3119.008290	0.0	      0.000000	11	635385	
176	 -0.000000	1209.353638	   3118.669960	   3118.669960	203410	   3118.682821	   3118.657105	0.0	      0.000000	11	635385	
177	 -0.000000	494.213470	   3118.652353	   3118.652353	209712	   3118.665213	   3118.639498	0.0	      0.000000	11	635385	
178	 -0.009566	 18.451933	   3118.301377	   3118.301377	335331	   3118.314238	   3118.288522	0.0	      0.000000	11	635385	
179	 -0.000000	 15.708064	   3117.922786	   3117.922786	470834	   3117.935647	   3117.909931	0.0	      0.000000	11	635385	
180	 27.972416	150.476532	   3117.771901	   3117.771901	524838	   3117.784761	   3117.759046	0.0	      0.000000	11	635385	
181	 -0.000000	 11.656226	   3117.554072	   3117.554072	602802	   3117.566933	   3117.541217	0.0	      0.000000	11	635385	
182	 -0.000000	453.453583	   3116.827017	   3116.827017	863025	   3116.839878	   3116.814162	0.0	      0.000000	11	635385	
183	 -0.000000	 10.564835	   3115.905547	   3115.905547	144256	   3115.918408	   3115.892692	0.0	      0.000000	12	72635	
184	 -0.000000	 81.737633	   3114.984074	   3114.984074	474064	   3114.996935	   3114.971219	0.0	      0.000000	12	72635	
185	-28.680336	136.442520	   3114.845323	   3114.845323	523725	   3114.858184	   3114.832468	0.0	      0.000000	12	72635	
186	 -0.000000	 10.170466	   3114.246903	   3114.246903	737908	   3114.259763	   3114.234048	0.0	      0.000000	12	72635	
187	 -0.000000	 11.046790	   3113.878303	   3113.878303	869835	   3113.891163	   3113.865448	0.0	      0.000000	12	72635	
188	 -0.000000	619.127563	   3113.141131	   3113.141131	85103	   3113.153992	   3113.128276	0.0	      0.000000	13	632978	
189	 -0.000000	 15.953485	   3112.761241	   3112.761241	221071	   3112.774102	   3112.748386	0.0	      0.000000	13	632978	
190	 -0.000000	 18.044113	   3112.680395	   3112.680395	250007	   3112.693255	   3112.667540	0.0	      0.000000	13	632978	
191	 -0.000000	 71.783043	   3112.403960	   3112.403960	348947	   3112.416820	   3112.391105	0.0	      0.000000	13	632978	
192	 -0.000000	 30.312651	   3112.311809	   3112.311809	381929	   3112.324670	   3112.298954	0.0	      0.000000	13	632978	
193	 -0.000000	 53.766727	   3112.219658	   3112.219658	414911	   3112.232519	   3112.206803	0.0	      0.000000	13	632978	
194	 -0.009566	 23.135941	   3112.127510	   3112.127510	447892	   3112.140371	   3112.114655	0.0	      0.000000	13	632978	
195	 -0.000000	 92.340355	   3112.035360	   3112.035360	480874	   3112.048220	   3112.022505	0.0	      0.000000	13	632978	
196	 19.506073	122.577576	   3111.912998	   3111.912998	524669	   3111.925859	   3111.900143	0.0	      0.000000	13	632978	
197	 -0.000000	 33.986816	   3111.747313	   3111.747313	583970	   3111.760174	   3111.734458	0.0	      0.000000	13	632978	
198	 -0.000000	108.220947	   3111.666774	   3111.666774	612796	   3111.679635	   3111.653919	0.0	      0.000000	13	632978	
199	 -0.000000	 19.822113	   3111.574623	   3111.574623	645778	   3111.587484	   3111.561768	0.0	      0.000000	13	632978	
200	 -0.000000	957.423096	   3111.298188	   3111.298188	744718	   3111.311049	   3111.285333	0.0	      0.000000	13	632978	
201	 -0.000000	 50.178154	   3110.929602	   3110.929602	876640	   3110.942463	   3110.916747	0.0	      0.000000	13	632978	
202	 -0.000000	 31.909246	   3110.837452	   3110.837452	909622	   3110.850312	   3110.824597	0.0	      0.000000	13	632978	
203	 -0.009566	 12.178308	   3110.549042	   3110.549042	1012848	   3110.561902	   3110.536187	0.0	      0.000000	13	632978	
204	 -0.000000	 15.009208	   3110.180330	   3110.180330	96239	   3110.193191	   3110.167475	0.0	      0.000000	14	312235	
205	 -0.000000	 26.921726	   3109.999999	   3109.999999	160782	   3110.012860	   3109.987144	0.0	      0.000000	14	312235	
206	 -0.009566	 12.809647	   3109.811633	   3109.811633	228201	   3109.824493	   3109.798777	0.0	      0.000000	14	312235	
207	 -0.000000	285.532654	   3109.455245	   3109.455245	355757	   3109.468106	   3109.442390	0.0	      0.000000	14	312235	
208	 11.441522	111.546036	   3108.983749	   3108.983749	524512	   3108.996610	   3108.970894	0.0	      0.000000	14	312235	
209	 -0.009566	 68.092209	   3107.612302	   3107.612302	1015372	   3107.625163	   3107.599447	0.0	      0.000000	14	312235	
210	 -0.000000	 16.656700	   3107.599078	   3107.599078	1020105	   3107.611939	   3107.586223	0.0	      0.000000	14	312235	
211	 -0.009566	 13.207944	   3107.243716	   3107.243716	98718	   3107.256577	   3107.230861	0.0	      0.000000	15	72361	
212	 -0.000000	 11.080868	   3107.151566	   3107.151566	131700	   3107.164426	   3107.138711	0.0	      0.000000	15	72361	
213	 -0.000000	 20.816984	   3106.875128	   3106.875128	230641	   3106.887988	   3106.862273	0.0	      0.000000	15	72361	
214	 -0.000000	 15.543380	   3106.506531	   3106.506531	362567	   3106.519391	   3106.493676	0.0	      0.000000	15	72361	
215	 -0.755753	102.797951	   3106.054727	   3106.054727	524274	   3106.067587	   3106.041872	0.0	      0.000000	15	72361	
216	 -0.000000	 14.230214	   3105.769356	   3105.769356	626412	   3105.782217	   3105.756501	0.0	      0.000000	15	72361	
217	 -0.000000	 53.661491	   3105.755929	   3105.755929	631218	   3105.768789	   3105.743073	0.0	      0.000000	15	72361	
218	 -0.000000	 20.495657	   3105.032185	   3105.032185	890256	   3105.045045	   3105.019330	0.0	      0.000000	15	72361	
219	 -0.000000	 25.454950	   3103.926413	   3103.926413	237451	   3103.939274	   3103.913558	0.0	      0.000000	16	32983	
220	 -0.009566	 22.923901	   3103.912044	   3103.912044	242594	   3103.924905	   3103.899189	0.0	      0.000000	16	32983	
221	-14.416700	 79.471466	   3103.125785	   3103.125785	524007	   3103.138646	   3103.112930	0.0	      0.000000	16	32983	
222	 -0.000000	 21.079332	   3102.083470	   3102.083470	897066	   3102.096331	   3102.070615	0.0	      0.000000	16	32983	
223	 -0.000000	 25.379074	   3101.331122	   3101.331122	117766	   3101.343982	   3101.318267	0.0	      0.000000	17	313022	
224	 -0.000000	 24.574259	   3101.146765	   3101.146765	183750	   3101.159625	   3101.133910	0.0	      0.000000	17	313022	
225	 -0.000000	 11.671764	   3100.977699	   3100.977699	244261	   3100.990560	   3100.964844	0.0	      0.000000	17	313022	
226	 -0.000000	 17.798431	   3100.962408	   3100.962408	249734	   3100.975268	   3100.949552	0.0	      0.000000	17	313022	
227	 -0.000000	 16.883427	   3100.685886	   3100.685886	348705	   3100.698746	   3100.673031	0.0	      0.000000	17	313022	
228	 -0.000000	 16.655872	   3100.609113	   3100.609113	376183	   3100.621974	   3100.596258	0.0	      0.000000	17	313022	
229	 -0.000000	 29.493568	   3100.593707	   3100.593707	381697	   3100.606568	   3100.580852	0.0	      0.000000	17	313022	
230	 -0.000000	619.595642	   3100.240527	   3100.240527	508105	   3100.253388	   3100.227672	0.0	      0.000000	17	313022	
231	 -0.000000	516.325745	   3100.225007	   3100.225007	513660	   3100.237867	   3100.212152	0.0	      0.000000	17	313022	
232	 -9.269929	 85.106537	   3100.195824	   3100.195824	524105	   3100.208684	   3100.182969	0.0	      0.000000	17	313022	
233	 -0.000000	 25.093546	   3100.000000	   3100.000000	594193	   3100.012861	   3099.987145	0.0	      0.000000	17	313022	
234	 -0.000000	 12.888873	   3099.487603	   3099.487603	777587	   3099.500464	   3099.474748	0.0	      0.000000	17	313022	
235	 -0.000000	129.623123	   3098.397584	   3098.397584	119144	   3098.410445	   3098.384729	0.0	      0.000000	18	237523	
236	 -0.000000	 15.092909	   3098.381916	   3098.381916	124752	   3098.394776	   3098.369061	0.0	      0.000000	18	237523	
237	  0.631388	 78.800888	   3097.265589	   3097.265589	524301	   3097.278449	   3097.252734	0.0	      0.000000	18	237523	
238	 -0.009566	 13.985430	   3096.923227	   3096.923227	646837	   3096.936088	   3096.910372	0.0	      0.000000	18	237523	
239	 -0.009566	552.576599	   3096.554641	   3096.554641	778759	   3096.567502	   3096.541786	0.0	      0.000000	18	237523	
240	 -0.000000	122.347092	   3096.537970	   3096.537970	784726	   3096.550830	   3096.525115	0.0	      0.000000	18	237523	
241	 -0.000000	 10.164577	   3096.186055	   3096.186055	910681	   3096.198916	   3096.173200	0.0	      0.000000	18	237523	
242	 -0.000000	 17.914669	   3095.798440	   3095.798440	838	   3095.800781	   3095.785585	0.0	      0.000000	19	303536	
243	 -0.000000	769.488464	   3094.711695	   3094.711695	389799	   3094.724556	   3094.698840	0.0	      0.000000	19	303536	
244	 -0.000000	165.830307	   3094.694909	   3094.694909	395807	   3094.707770	   3094.682054	0.0	      0.000000	19	303536	
245	 31.416353	 74.101456	   3094.334219	   3094.334219	524903	   3094.347080	   3094.321364	0.0	      0.000000	19	303536	
246	 -0.000000	 10.605509	   3093.974524	   3093.974524	653643	   3093.987384	   3093.961669	0.0	      0.000000	19	303536	
247	 -0.000000	 11.523356	   3093.237338	   3093.237338	917492	   3093.250199	   3093.224483	0.0	      0.000000	19	303536	
248	 -0.000000	 17.485613	   3092.868752	   3092.868752	838	   3092.871094	   3092.855897	0.0	      0.000000	20	32983	
249	 26.537443	 71.782242	   3091.404794	   3091.404794	524809	   3091.417655	   3091.391939	0.0	      0.000000	20	32983	
250	 -0.000000	 34.836781	   3091.025809	   3091.025809	660453	   3091.038670	   3091.012954	0.0	      0.000000	20	32983	
251	 -0.000000	 68.862389	   3089.182866	   3089.182866	271492	   3089.195727	   3089.170011	0.0	      0.000000	21	33074	
252	 23.734461	 68.587997	   3088.475266	   3088.475266	524752	   3088.488127	   3088.462411	0.0	      0.000000	21	33074	
253	 -0.000000	 18.798174	   3087.339923	   3087.339923	931107	   3087.352784	   3087.327068	0.0	      0.000000	21	33074	
254	 -0.000000	 22.368868	   3087.320377	   3087.320377	938103	   3087.333237	   3087.307522	0.0	      0.000000	21	33074	
255	-20.615786	 65.390579	   3085.548007	   3085.548007	523883	   3085.560867	   3085.535152	0.0	      0.000000	22	32951	
256	 -0.009566	 10.774963	   3085.476861	   3085.476861	549347	   3085.489722	   3085.464006	0.0	      0.000000	22	32951	
257	 -0.009566	 21.085449	   3083.654037	   3083.654037	153185	   3083.666898	   3083.641182	0.0	      0.000000	23	33049	
258	 -0.000000	 48.783306	   3083.633342	   3083.633342	160592	   3083.646203	   3083.620487	0.0	      0.000000	23	33049	
259	  7.605360	 63.678669	   3082.616774	   3082.616774	524436	   3082.629635	   3082.603919	0.0	      0.000000	23	33049	
260	 -0.000000	104.967499	   3080.000000	   3080.000000	412440	   3080.012860	   3079.987145	0.0	      0.000000	24	33078	
261	  3.635266	 61.761063	   3079.687302	   3079.687302	524359	   3079.700162	   3079.674447	0.0	      0.000000	24	33078	
262	 -3.683099	 61.634514	   3076.758011	   3076.758011	524217	   3076.770872	   3076.745156	0.0	      0.000000	25	32961	
263	 -0.000000	 18.565128	   3076.282262	   3076.282262	694494	   3076.295123	   3076.269407	0.0	      0.000000	25	32961	
264	 -0.000000	 15.508162	   3076.259268	   3076.259268	702724	   3076.272129	   3076.246413	0.0	      0.000000	25	32961	
265	 -0.000000	 27.930178	   3074.439319	   3074.439319	305533	   3074.452180	   3074.426464	0.0	      0.000000	26	33000	
266	 -8.437644	 60.617714	   3073.828583	   3073.828583	524124	   3073.841444	   3073.815728	0.0	      0.000000	26	33000	
267	 -0.009566	 28.776007	   3072.596376	   3072.596376	965148	   3072.609237	   3072.583521	0.0	      0.000000	26	33000	
268	 28.326376	 60.820087	   3070.896884	   3070.896884	524844	   3070.909745	   3070.884029	0.0	      0.000000	27	32955	
269	 -0.009566	 12.307665	   3070.753433	   3070.753433	576187	   3070.766294	   3070.740578	0.0	      0.000000	27	32955	
270	-10.178745	 61.095097	   3067.969306	   3067.969306	524089	   3067.982167	   3067.956451	0.0	      0.000000	28	32950	
271	 26.518311	 61.377697	   3065.037607	   3065.037607	524809	   3065.050467	   3065.024752	0.0	      0.000000	29	32950	
272	-29.990946	 59.082539	   3062.111015	   3062.111015	523701	   3062.123876	   3062.098160	0.0	      0.000000	30	32972	
273	 -0.009566	 23.899920	   3061.538715	   3061.538715	728535	   3061.551576	   3061.525860	0.0	      0.000000	30	32972	
274	 -0.000000	 40.673855	   3059.999999	   3059.999999	230687	   3060.012860	   3059.987144	0.0	      0.000000	31	32983	
275	 -0.009566	 10.126776	   3059.695772	   3059.695772	339574	   3059.708633	   3059.682917	0.0	      0.000000	31	32983	
276	-27.427126	 59.970062	   3059.181185	   3059.181185	523752	   3059.194046	   3059.168330	0.0	      0.000000	31	32983	
277	 15.239418	 16.337309	   3056.249167	   3056.249167	524586	   3056.262028	   3056.236312	0.0	      0.000000	32	19787	
278	 -0.000000	 19.601704	   3056.009884	   3056.009884	610229	   3056.022744	   3055.997029	0.0	      0.000000	32	19787	
279	 -0.000000	 15.360195	   3055.000001	   3055.000001	971680	   3055.012862	   3054.987146	0.0	      0.000000	32	19787	
280	 -0.000000	 15.002641	   3054.166941	   3054.166941	221268	   3054.179801	   3054.154086	0.0	      0.000000	33	32960	
281	-15.736876	 58.964417	   3053.321173	   3053.321173	523980	   3053.334034	   3053.308318	0.0	      0.000000	33	32960	
282	 -0.000000	 12.050018	   3052.323998	   3052.323998	880883	   3052.336858	   3052.311143	0.0	      0.000000	33	32960	
283	 26.613974	 59.377190	   3050.389164	   3050.389164	524811	   3050.402024	   3050.376309	0.0	      0.000000	34	556857	
284	 -0.000000	52167.062500	   3050.000000	   3050.000000	664098	   3050.012861	   3049.987145	0.0	      0.000000	34	556857	
285	 27.981983	 59.493622	   3047.459404	   3047.459404	524837	   3047.472264	   3047.446549	0.0	      0.000000	35	32950	
286	  9.422993	 57.224449	   3044.530736	   3044.530736	524472	   3044.543597	   3044.517881	0.0	      0.000000	36	32950	
287	-25.370331	 58.815292	   3041.602951	   3041.602951	523791	   3041.615812	   3041.590096	0.0	      0.000000	37	32950	
288	-24.260618	 58.915848	   3038.673208	   3038.673208	523811	   3038.686068	   3038.660353	0.0	      0.000000	38	32950	
289	 15.555112	 58.827698	   3035.741333	   3035.741333	524594	   3035.754193	   3035.728478	0.0	      0.000000	39	32950	
290	 -0.000000	 11.527531	   3033.894562	   3033.894562	137003	   3033.907422	   3033.881707	0.0	      0.000000	40	32955	
291	 15.832541	 59.053623	   3032.811634	   3032.811634	524598	   3032.824495	   3032.798779	0.0	      0.000000	40	32955	
292	 -2.515987	 59.677444	   3029.882952	   3029.882952	524238	   3029.895813	   3029.870097	0.0	      0.000000	41	32950	
293	 24.203218	 59.260311	   3026.951798	   3026.951798	524763	   3026.964658	   3026.938943	0.0	      0.000000	42	32950	
294	 -0.038266	140.707581	   3025.051305	   3025.051305	156400	   3025.064165	   3025.038450	0.0	      0.000000	43	372072	
295	  0.019133	 10.479910	   3025.019655	   3025.019655	167728	   3025.032515	   3025.006800	0.0	      0.000000	43	372072	
296	 -0.047832	 11.259238	   3024.953306	   3024.953306	191475	   3024.966167	   3024.940451	0.0	      0.000000	43	372072	
297	 19.180813	 59.250660	   3024.022384	   3024.022384	524665	   3024.035245	   3024.009529	0.0	      0.000000	43	372072	
298	 17.774538	 60.935215	   3021.092780	   3021.092780	524635	   3021.105641	   3021.079925	0.0	      0.000000	44	32950	
299	 30.880629	 61.878311	   3018.162372	   3018.162372	524893	   3018.175233	   3018.149517	0.0	      0.000000	45	32950	
300	-16.023870	 61.395947	   3015.235255	   3015.235255	523973	   3015.248116	   3015.222400	0.0	      0.000000	46	32950	
301	-29.933546	 61.562695	   3012.306325	   3012.306325	523702	   3012.319185	   3012.293470	0.0	      0.000000	47	32950	
302	 -0.000000	 13.939447	   3009.999999	   3009.999999	300592	   3010.012860	   3009.987144	0.0	      0.000000	48	32952	
303	 -5.615530	 68.513336	   3009.375310	   3009.375310	524177	   3009.388171	   3009.362455	0.0	      0.000000	48	32952	
304	  6.868740	 61.859993	   3006.444938	   3006.444938	524422	   3006.457799	   3006.432083	0.0	      0.000000	49	32950	
305	 24.346716	 63.515953	   3003.514295	   3003.514295	524764	   3003.527156	   3003.501440	0.0	      0.000000	50	32950	
306	-12.819097	 63.083042	   3000.586644	   3000.586644	524035	   3000.599505	   3000.573789	0.0	      0.000000	51	32950	
307	 27.943716	 62.380974	   2997.654722	   2997.654722	524835	   2997.667582	   2997.641867	0.0	      0.000000	52	32950	
308	 -6.342583	 62.076385	   2994.726912	   2994.726912	524163	   2994.739772	   2994.714057	0.0	      0.000000	53	32953	
309	 -0.000000	 11.032796	   2993.752566	   2993.752566	872895	   2993.765426	   2993.739711	0.0	      0.000000	53	32953	
310	-27.407993	 61.839558	   2991.798378	   2991.798378	523750	   2991.811239	   2991.785523	0.0	      0.000000	54	32950	
311	 11.546753	 61.442364	   2988.866559	   2988.866559	524513	   2988.879419	   2988.853704	0.0	      0.000000	55	32950	
312	 -7.490561	 61.232021	   2985.937908	   2985.937908	524142	   2985.950769	   2985.925053	0.0	      0.000000	56	32950	
313	 -7.787123	 61.396572	   2983.008237	   2983.008237	524136	   2983.021098	   2982.995382	0.0	      0.000000	57	33540	
314	  0.057399	 20.093540	   2982.028270	   2982.028270	874880	   2982.041130	   2982.015415	0.0	      0.000000	57	33540	
315	 -0.028699	 14.583590	   2981.972692	   2981.972692	894772	   2981.985553	   2981.959837	0.0	      0.000000	57	33540	
316	 -9.614323	 60.863201	   2980.078653	   2980.078653	524099	   2980.091514	   2980.065798	0.0	      0.000000	58	32950	
317	 18.453758	 61.497204	   2977.147429	   2977.147429	524649	   2977.160290	   2977.134574	0.0	      0.000000	59	32950	
318	 -0.000000	 19.756363	   2975.001628	   2975.001628	244085	   2975.014489	   2974.988773	0.0	      0.000000	60	32957	
319	-26.680941	 61.456566	   2974.220208	   2974.220208	523766	   2974.233069	   2974.207353	0.0	      0.000000	60	32957	
320	-15.449881	 61.317604	   2971.289906	   2971.289906	523986	   2971.302767	   2971.277051	0.0	      0.000000	61	32950	
321	 10.504005	 63.555801	   2968.358802	   2968.358802	524493	   2968.371663	   2968.345947	0.0	      0.000000	62	32950	
322	  6.897439	 63.947159	   2965.429313	   2965.429313	524422	   2965.442174	   2965.416458	0.0	      0.000000	63	32950	
323	 -0.000000	6338.763184	   2962.500176	   2962.500176	524225	   2962.513037	   2962.487321	0.0	      0.000000	64	1191253	
324	 -0.000000	 27.688046	   2950.000001	   2950.000001	803908	   2950.012861	   2949.987146	0.0	      0.000000	68	13	
325	 -0.009566	301.712372	   2939.500309	   2939.500309	367590	   2939.513170	   2939.487454	0.0	      0.000000	72	123734	
326	  0.028699	 25.356266	   2934.028706	   2934.028706	228801	   2934.041567	   2934.015851	0.0	      0.000000	74	824	
327	 -0.028699	 12.267511	   2933.973156	   2933.973156	248683	   2933.986017	   2933.960301	0.0	      0.000000	74	824	
328	 -0.019133	 14.879744	   2885.973618	   2885.973618	651171	   2885.986479	   2885.960763	0.0	      0.000000	90	41	
329	 -0.000000	 18.564661	   2883.335741	   2883.335741	546728	   2883.348601	   2883.322886	0.0	      0.000000	91	12	
330	  0.009566	 10.581607	   2875.001601	   2875.001601	383905	   2875.014461	   2874.988746	0.0	      0.000000	94	1	
331	 -0.000000	 21.755005	   2837.501966	   2837.501966	174059	   2837.514827	   2837.489111	0.0	      0.000000	107	58	
332	  9.643022	 24.246603	   2774.997885	   2774.997885	525045	   2775.010746	   2774.985030	0.0	      0.000000	128	32950	
333	 -5.644229	 17.912228	   2772.071547	   2772.071547	523846	   2772.084408	   2772.058692	0.0	      0.000000	129	20269	
334	 14.617597	 17.154192	   2769.137420	   2769.137420	525435	   2769.150281	   2769.124565	0.0	      0.000000	130	19784	
335	  9.241229	 16.469206	   2766.208912	   2766.208912	525013	   2766.221773	   2766.196057	0.0	      0.000000	131	19770	
336	 -3.711798	 16.590136	   2763.282060	   2763.282060	523998	   2763.294921	   2763.269205	0.0	      0.000000	132	19770	
337	-13.029559	 16.773741	   2760.354415	   2760.354415	523267	   2760.367276	   2760.341560	0.0	      0.000000	133	19770	
338	 26.221748	 15.587349	   2757.416133	   2757.416133	526343	   2757.428994	   2757.403278	0.0	      0.000000	134	19770	
339	 20.108761	 15.074774	   2754.487779	   2754.487779	525866	   2754.500639	   2754.474924	0.0	      0.000000	135	19770	
340	 12.761698	 13.736313	   2751.559700	   2751.559700	525290	   2751.572561	   2751.546845	0.0	      0.000000	136	19770	
341	-21.955093	 12.954607	   2748.637627	   2748.637627	522565	   2748.650487	   2748.624771	0.0	      0.000000	137	19770	
342	-14.474099	 12.050319	   2745.706299	   2745.706299	523152	   2745.719160	   2745.693444	0.0	      0.000000	138	19765	
343	 20.941046	 11.148030	   2742.768847	   2742.768847	525931	   2742.781708	   2742.755992	0.0	      0.000000	139	14172	
344	 24.212786	 10.603766	   2739.838441	   2739.838441	526188	   2739.851302	   2739.825586	0.0	      0.000000	140	903	
345	 -0.000000	 10.288241	   2649.999999	   2649.999999	174763	   2650.012860	   2649.987144	0.0	      0.000000	171	2	
346	  0.009566	 44.870258	   2616.671482	   2616.671482	569168	   2616.684342	   2616.658627	0.0	      0.000000	182	236	
347	  0.009566	 64.569817	   2610.499691	   2610.499691	680986	   2610.512551	   2610.486836	0.0	      0.000000	184	6764	
348	 -0.019133	 26.607042	   2500.157498	   2500.157498	328107	   2500.170359	   2500.144643	0.0	      0.000000	222	105442	
349	 -0.000000	644.905090	   2500.000000	   2500.000000	384478	   2500.012860	   2499.987145	0.0	      0.000000	222	105442	
350	  0.200896	 88.069740	   2465.986354	   2465.986354	1024100	   2465.999215	   2465.973499	0.0	      0.000000	233	381288	
351	  0.181763	 19.003880	   2463.056669	   2463.056669	1024099	   2463.069530	   2463.043814	0.0	      0.000000	234	1979	
352	  0.392226	 18.296583	   2442.983676	   2442.983676	868471	   2442.996537	   2442.970821	0.0	      0.000000	241	1977	
353	  0.153064	 15.123687	   2442.016022	   2442.016022	166232	   2442.028883	   2442.003167	0.0	      0.000000	242	13416486	
354	 -0.114798	129.329590	   2441.048527	   2441.048527	512512	   2441.061387	   2441.035672	0.0	      0.000000	242	13416486	
355	  0.047832	1352.382080	   2441.004653	   2441.004653	528215	   2441.017514	   2440.991798	0.0	      0.000000	242	13416486	
356	  0.736620	437.876282	   2440.982064	   2440.982064	536300	   2440.994924	   2440.969209	0.0	      0.000000	242	13416486	
357	  0.114798	 19.818874	   2434.977648	   2434.977648	588212	   2434.990509	   2434.964793	0.0	      0.000000	244	4834	
358	  0.172197	 44.733120	   2418.931540	   2418.931540	39882	   2418.944400	   2418.918685	0.0	      0.000000	250	13850	
359	  0.153064	 19.456982	   2418.910985	   2418.910985	47239	   2418.923845	   2418.898129	0.0	      0.000000	250	13850	
360	 -0.000000	 18.588903	   2418.749999	   2418.749999	104858	   2418.762860	   2418.737144	0.0	      0.000000	250	13850	
361	  0.172197	332.683258	   2416.001852	   2416.001852	39882	   2416.014713	   2415.988997	0.0	      0.000000	251	3474659	
362	  0.153064	232.310043	   2415.981297	   2415.981297	47239	   2415.994158	   2415.968442	0.0	      0.000000	251	3474659	
363	  0.047832	 28.005507	   2414.981680	   2414.981680	405016	   2414.994540	   2414.968825	0.0	      0.000000	251	3474659	
364	 -0.019133	 22.338505	   2400.000003	   2400.000003	524287	   2400.012863	   2399.987148	0.0	      0.000000	256	147	
365	 -0.000000	 16.559254	   2350.007225	   2350.007225	591607	   2350.020086	   2349.994370	0.0	      0.000000	273	38	
366	  0.019133	 13.397331	   2337.464087	   2337.464087	886667	   2337.476948	   2337.451232	0.0	      0.000000	277	50	
367	-31.244156	 50.027798	   2275.414565	   2275.414565	26384	   2275.427426	   2275.401710	0.0	      0.000000	299	5130761	
368	-29.015163	 11.226153	   2274.192109	   2274.192109	463918	   2274.204970	   2274.179254	0.0	      0.000000	299	5130761	
369	-31.205889	184.639282	   2272.484872	   2272.484872	26386	   2272.497733	   2272.472017	0.0	      0.000000	300	33152466	
370	 -0.000000	 53.804790	   2250.141744	   2250.141744	683271	   2250.154605	   2250.128889	0.0	      0.000000	307	724	
371	-20.587086	 54.531071	   2247.466660	   2247.466660	592145	   2247.479520	   2247.453805	0.0	      0.000000	308	6088353	
372	 -0.047832	 17.747723	   2244.203171	   2244.203171	711617	   2244.216032	   2244.190316	0.0	      0.000000	309	6590	
373	  0.019133	3075.281494	   2242.503157	   2242.503157	271500	   2242.516017	   2242.490301	0.0	      0.000000	310	2062410	
374	  0.057399	 27.828442	   2240.803147	   2240.803147	879957	   2240.816008	   2240.790292	0.0	      0.000000	310	2062410	
375	 -0.047832	 38.899582	   2239.548938	   2239.548938	280280	   2239.561799	   2239.536083	0.0	      0.000000	311	33442	
376	 -0.000000	126.200958	   2239.282030	   2239.282030	375810	   2239.294891	   2239.269175	0.0	      0.000000	311	33442	
377	 -0.038266	 78.101677	   2237.500940	   2237.500940	1013287	   2237.513801	   2237.488085	0.0	      0.000000	311	33442	
378	 -0.038266	 33.150864	   2235.452945	   2235.452945	697717	   2235.465806	   2235.440090	0.0	      0.000000	312	110	
379	 -0.019133	 10.429045	   2234.515764	   2234.515764	1033147	   2234.528625	   2234.502909	0.0	      0.000000	312	110	
380	 -0.401793	 26.486288	   2231.447988	   2231.447988	33995	   2231.460848	   2231.435133	0.0	      0.000000	314	38	
381	 -0.392226	192.896744	   2228.518300	   2228.518300	33995	   2228.531161	   2228.505445	0.0	      0.000000	315	71747769	
382	 -0.296561	 11.918744	   2226.636415	   2226.636415	707548	   2226.649276	   2226.623560	0.0	      0.000000	315	71747769	
383	 -0.286995	 38.331814	   2226.592477	   2226.592477	723274	   2226.605338	   2226.579622	0.0	      0.000000	315	71747769	
384	 -0.258295	516.551575	   2226.573911	   2226.573911	729919	   2226.586772	   2226.561056	0.0	      0.000000	315	71747769	
385	 -0.325261	 41.197968	   2226.502073	   2226.502073	755631	   2226.514933	   2226.489218	0.0	      0.000000	315	71747769	
386	 -0.382660	 30.793186	   2226.487049	   2226.487049	761008	   2226.499910	   2226.474194	0.0	      0.000000	315	71747769	
387	 -0.277428	 51.177158	   2226.472024	   2226.472024	766386	   2226.484884	   2226.459168	0.0	      0.000000	315	71747769	
388	 -0.191330	152.708618	   2226.422911	   2226.422911	783964	   2226.435772	   2226.410056	0.0	      0.000000	315	71747769	
389	 -0.296561	1630.629517	   2226.386609	   2226.386609	796957	   2226.399470	   2226.373754	0.0	      0.000000	315	71747769	
390	 -0.325261	199.731384	   2226.362212	   2226.362212	805689	   2226.375073	   2226.349357	0.0	      0.000000	315	71747769	
391	 -0.239162	161.270279	   2226.348927	   2226.348927	810444	   2226.361788	   2226.336072	0.0	      0.000000	315	71747769	
392	 -0.000000	 32.893505	   2218.889776	   2218.889776	334450	   2218.902637	   2218.876921	0.0	      0.000000	318	279	
393	 -0.009566	 76.776398	   2203.263794	   2203.263794	684327	   2203.276654	   2203.250939	0.0	      0.000000	323	1597	
394	 -0.000000	 35.431019	   2197.000210	   2197.000210	828999	   2197.013070	   2196.987355	0.0	      0.000000	325	17	
395	  0.009566	2889.385986	   2196.009270	   2196.009270	135094	   2196.022131	   2195.996415	0.0	      0.000000	326	91012917	
396	 -0.000000	3193.456787	   2194.005970	   2194.005970	852103	   2194.018831	   2193.993115	0.0	      0.000000	326	91012917	
397	 -0.000000	2640.020264	   2193.990721	   2193.990721	857561	   2194.003582	   2193.977866	0.0	      0.000000	326	91012917	
398	 -0.000000	 20.489885	   2193.750308	   2193.750308	943608	   2193.763169	   2193.737453	0.0	      0.000000	326	91012917	
399	 -0.000000	156.461182	   2192.471308	   2192.471308	352804	   2192.484169	   2192.458453	0.0	      0.000000	327	39304	
400	 -0.038266	 32.186348	   2189.684013	   2189.684013	301840	   2189.696873	   2189.671157	0.0	      0.000000	328	17153813	
401	 -0.019133	137.474564	   2189.622777	   2189.622777	323757	   2189.635638	   2189.609922	0.0	      0.000000	328	17153813	
402	 -0.009566	803.795227	   2189.561542	   2189.561542	345674	   2189.574402	   2189.548687	0.0	      0.000000	328	17153813	
403	 -0.124364	 23.072460	   2189.539073	   2189.539073	353716	   2189.551933	   2189.526218	0.0	      0.000000	328	17153813	
404	 -0.009566	501918.937500	   2189.500309	   2189.500309	367590	   2189.513170	   2189.487454	0.0	      0.000000	328	17153813	
405	  0.124364	 21.974913	   2189.461543	   2189.461543	381465	   2189.474403	   2189.448688	0.0	      0.000000	328	17153813	
406	  0.009566	598.023315	   2189.439074	   2189.439074	389507	   2189.451934	   2189.426219	0.0	      0.000000	328	17153813	
407	  0.009566	111.362396	   2189.377841	   2189.377841	411423	   2189.390702	   2189.364986	0.0	      0.000000	328	17153813	
408	  0.019133	 26.511904	   2189.316606	   2189.316606	433340	   2189.329466	   2189.303751	0.0	      0.000000	328	17153813	
409	 -0.000000	7484.493652	   2188.423307	   2188.423307	753064	   2188.436168	   2188.410452	0.0	      0.000000	328	17153813	
410	 -0.000000	 10.344349	   2188.362075	   2188.362075	774980	   2188.374935	   2188.349220	0.0	      0.000000	328	17153813	
411	 -0.000000	 13.896083	   2188.000309	   2188.000309	904461	   2188.013170	   2187.987454	0.0	      0.000000	328	17153813	
412	 -0.000000	129.988983	   2187.412995	   2187.412995	66093	   2187.425855	   2187.400139	0.0	      0.000000	329	42924	
413	 -0.000000	 26.272995	   2187.356995	   2187.356995	86136	   2187.369856	   2187.344140	0.0	      0.000000	329	42924	
414	 -0.057399	 13.764930	   2187.219428	   2187.219428	135373	   2187.232289	   2187.206573	0.0	      0.000000	329	42924	
415	 -0.057399	 10.982359	   2187.165636	   2187.165636	154626	   2187.178497	   2187.152781	0.0	      0.000000	329	42924	
416	 -0.057399	 11.253692	   2187.121545	   2187.121545	170407	   2187.134405	   2187.108690	0.0	      0.000000	329	42924	
417	 -0.019133	 10.017922	   2186.983388	   2186.983388	219855	   2186.996249	   2186.970533	0.0	      0.000000	329	42924	
418	 -0.057399	 10.771272	   2186.911670	   2186.911670	245524	   2186.924531	   2186.898815	0.0	      0.000000	329	42924	
419	 -0.057399	 10.290478	   2186.824957	   2186.824957	276560	   2186.837817	   2186.812101	0.0	      0.000000	329	42924	
420	 -0.057399	 12.986529	   2186.700326	   2186.700326	321167	   2186.713187	   2186.687471	0.0	      0.000000	329	42924	
421	 -0.000000	4456.260254	   2184.476308	   2184.476308	68598	   2184.489169	   2184.463453	0.0	      0.000000	330	67673252	
422	 -0.000000	3403.064453	   2184.427308	   2184.427308	86136	   2184.440168	   2184.414453	0.0	      0.000000	330	67673252	
423	 -0.000000	2999.847656	   2184.392308	   2184.392308	98663	   2184.405168	   2184.379452	0.0	      0.000000	330	67673252	
424	 -0.000000	2376.384521	   2184.357307	   2184.357307	111190	   2184.370168	   2184.344452	0.0	      0.000000	330	67673252	
425	 -0.000000	2144.347412	   2184.336308	   2184.336308	118706	   2184.349169	   2184.323453	0.0	      0.000000	330	67673252	
426	 -0.000000	2307.822266	   2184.308307	   2184.308307	128728	   2184.321168	   2184.295452	0.0	      0.000000	330	67673252	
427	 -0.000000	1866.427490	   2184.287307	   2184.287307	136244	   2184.300168	   2184.274452	0.0	      0.000000	330	67673252	
428	 -0.000000	1460.821655	   2184.259306	   2184.259306	146266	   2184.272167	   2184.246451	0.0	      0.000000	330	67673252	
429	 -0.000000	1481.777100	   2184.238307	   2184.238307	153782	   2184.251167	   2184.225452	0.0	      0.000000	330	67673252	
430	 -0.000000	1372.119263	   2184.224306	   2184.224306	158793	   2184.237167	   2184.211451	0.0	      0.000000	330	67673252	
431	 -0.000000	1734.909912	   2184.203307	   2184.203307	166309	   2184.216167	   2184.190452	0.0	      0.000000	330	67673252	
432	 -0.000000	1824.328369	   2184.182307	   2184.182307	173825	   2184.195168	   2184.169452	0.0	      0.000000	330	67673252	
433	 -0.000000	1341.251221	   2184.168307	   2184.168307	178836	   2184.181167	   2184.155452	0.0	      0.000000	330	67673252	
434	 -0.000000	1911.727905	   2184.147307	   2184.147307	186352	   2184.160168	   2184.134452	0.0	      0.000000	330	67673252	
435	 -0.000000	1411.791260	   2184.133307	   2184.133307	191363	   2184.146167	   2184.120452	0.0	      0.000000	330	67673252	
436	 -0.000000	1789.737183	   2184.112307	   2184.112307	198879	   2184.125168	   2184.099452	0.0	      0.000000	330	67673252	
437	 -0.000000	1922.142334	   2184.098307	   2184.098307	203890	   2184.111167	   2184.085452	0.0	      0.000000	330	67673252	
438	 -0.000000	1449.933105	   2184.084306	   2184.084306	208901	   2184.097167	   2184.071451	0.0	      0.000000	330	67673252	
439	 -0.000000	1374.709961	   2184.063307	   2184.063307	216417	   2184.076167	   2184.050452	0.0	      0.000000	330	67673252	
440	 -0.000000	1711.935059	   2184.049306	   2184.049306	221428	   2184.062167	   2184.036451	0.0	      0.000000	330	67673252	
441	 -0.000000	1991.220825	   2184.035308	   2184.035308	226438	   2184.048169	   2184.022453	0.0	      0.000000	330	67673252	
442	 -0.000000	2223.038818	   2184.021308	   2184.021308	231449	   2184.034168	   2184.008453	0.0	      0.000000	330	67673252	
443	 -0.000000	2308.173584	   2184.007307	   2184.007307	236460	   2184.020168	   2183.994452	0.0	      0.000000	330	67673252	
444	 -0.000000	2265.530762	   2183.993307	   2183.993307	241471	   2184.006167	   2183.980452	0.0	      0.000000	330	67673252	
445	 -0.000000	2110.740723	   2183.979306	   2183.979306	246482	   2183.992167	   2183.966451	0.0	      0.000000	330	67673252	
446	 -0.000000	2096.906738	   2183.965308	   2183.965308	251492	   2183.978169	   2183.952453	0.0	      0.000000	330	67673252	
447	 -0.000000	2021.292603	   2183.951308	   2183.951308	256503	   2183.964168	   2183.938453	0.0	      0.000000	330	67673252	
448	 -0.000000	1648.855591	   2183.937307	   2183.937307	261514	   2183.950168	   2183.924452	0.0	      0.000000	330	67673252	
449	 -0.000000	1921.545410	   2183.916308	   2183.916308	269030	   2183.929168	   2183.903453	0.0	      0.000000	330	67673252	
450	 -0.000000	2581.851074	   2183.902307	   2183.902307	274041	   2183.915168	   2183.889452	0.0	      0.000000	330	67673252	
451	 -0.000000	2470.612305	   2183.888306	   2183.888306	279052	   2183.901167	   2183.875451	0.0	      0.000000	330	67673252	
452	 -0.000000	2101.993896	   2183.867307	   2183.867307	286568	   2183.880168	   2183.854452	0.0	      0.000000	330	67673252	
453	 -0.000000	2916.888428	   2183.853306	   2183.853306	291579	   2183.866167	   2183.840451	0.0	      0.000000	330	67673252	
454	 -0.000000	2164.261230	   2183.832307	   2183.832307	299095	   2183.845168	   2183.819452	0.0	      0.000000	330	67673252	
455	 -0.000000	3074.773193	   2183.818306	   2183.818306	304106	   2183.831167	   2183.805451	0.0	      0.000000	330	67673252	
456	 -0.000000	3255.756104	   2183.797307	   2183.797307	311622	   2183.810168	   2183.784452	0.0	      0.000000	330	67673252	
457	 -0.000000	2764.251953	   2183.776307	   2183.776307	319138	   2183.789168	   2183.763452	0.0	      0.000000	330	67673252	
458	 -0.000000	2992.174072	   2183.762307	   2183.762307	324149	   2183.775168	   2183.749452	0.0	      0.000000	330	67673252	
459	 -0.000000	3117.270996	   2183.741307	   2183.741307	331665	   2183.754168	   2183.728452	0.0	      0.000000	330	67673252	
460	 -0.000000	3395.685059	   2183.713306	   2183.713306	341687	   2183.726167	   2183.700451	0.0	      0.000000	330	67673252	
461	 -0.000000	4197.478027	   2183.692307	   2183.692307	349203	   2183.705167	   2183.679452	0.0	      0.000000	330	67673252	
462	 -0.000000	3511.676758	   2183.671307	   2183.671307	356719	   2183.684168	   2183.658452	0.0	      0.000000	330	67673252	
463	 -0.000000	4001.989502	   2183.643306	   2183.643306	366741	   2183.656167	   2183.630451	0.0	      0.000000	330	67673252	
464	 -0.000000	4842.030762	   2183.608306	   2183.608306	379268	   2183.621167	   2183.595451	0.0	      0.000000	330	67673252	
465	 -0.000000	5798.012207	   2183.573306	   2183.573306	391795	   2183.586167	   2183.560451	0.0	      0.000000	330	67673252	
466	 -0.000000	9333.697266	   2183.517307	   2183.517307	411838	   2183.530167	   2183.504452	0.0	      0.000000	330	67673252	
467	 -0.133931	 10.460517	   2182.935061	   2182.935061	620232	   2182.947921	   2182.922206	0.0	      0.000000	330	67673252	
468	  0.133931	 11.677292	   2182.917098	   2182.917098	626661	   2182.929959	   2182.904243	0.0	      0.000000	330	67673252	
469	  0.133931	 15.063969	   2182.895347	   2182.895347	634446	   2182.908208	   2182.882492	0.0	      0.000000	330	67673252	
470	  0.133931	 13.060477	   2182.855958	   2182.855958	648544	   2182.868818	   2182.843103	0.0	      0.000000	330	67673252	
471	  0.133931	 13.806234	   2182.837439	   2182.837439	655172	   2182.850300	   2182.824584	0.0	      0.000000	330	67673252	
472	  0.133931	 13.555199	   2182.790702	   2182.790702	671900	   2182.803562	   2182.777847	0.0	      0.000000	330	67673252	
473	  0.133931	 11.484705	   2182.777475	   2182.777475	676634	   2182.790336	   2182.764620	0.0	      0.000000	330	67673252	
474	  0.114798	 10.618559	   2182.735446	   2182.735446	691677	   2182.748306	   2182.722590	0.0	      0.000000	330	67673252	
475	  0.095665	 14.966938	   2182.721045	   2182.721045	696831	   2182.733906	   2182.708190	0.0	      0.000000	330	67673252	
476	  0.095665	 15.258843	   2182.703410	   2182.703410	703143	   2182.716271	   2182.690555	0.0	      0.000000	330	67673252	
477	  0.066965	 11.858927	   2182.667259	   2182.667259	716082	   2182.680119	   2182.654404	0.0	      0.000000	330	67673252	
478	  0.095665	 12.266813	   2182.623751	   2182.623751	731654	   2182.636612	   2182.610896	0.0	      0.000000	330	67673252	
479	  0.066965	 10.507700	   2182.590246	   2182.590246	743646	   2182.603106	   2182.577391	0.0	      0.000000	330	67673252	
480	  0.095665	 11.666377	   2182.521458	   2182.521458	768266	   2182.534319	   2182.508603	0.0	      0.000000	330	67673252	
481	 -0.000000	 12.600612	   2182.485025	   2182.485025	781306	   2182.497886	   2182.472170	0.0	      0.000000	330	67673252	
482	 -0.000000	 12.733441	   2182.413304	   2182.413304	806976	   2182.426164	   2182.400449	0.0	      0.000000	330	67673252	
483	 -0.143497	 13.222028	   2182.381271	   2182.381271	818441	   2182.394132	   2182.368416	0.0	      0.000000	330	67673252	
484	  0.019133	 18.076944	   2182.323944	   2182.323944	838959	   2182.336805	   2182.311089	0.0	      0.000000	330	67673252	
485	  0.019133	 15.694202	   2182.268389	   2182.268389	858843	   2182.281250	   2182.255534	0.0	      0.000000	330	67673252	
486	  0.095665	 14.028767	   2182.236627	   2182.236627	870211	   2182.249488	   2182.223772	0.0	      0.000000	330	67673252	
487	  0.095665	 12.669451	   2182.220755	   2182.220755	875892	   2182.233615	   2182.207900	0.0	      0.000000	330	67673252	
488	 -0.019133	 17.176079	   2182.201957	   2182.201957	882620	   2182.214818	   2182.189102	0.0	      0.000000	330	67673252	
489	  0.066965	 10.903798	   2182.178725	   2182.178725	890935	   2182.191586	   2182.165870	0.0	      0.000000	330	67673252	
490	  0.095665	 10.914233	   2182.164023	   2182.164023	896197	   2182.176884	   2182.151168	0.0	      0.000000	330	67673252	
491	  0.066965	 13.874870	   2182.120524	   2182.120524	911766	   2182.133385	   2182.107669	0.0	      0.000000	330	67673252	
492	  0.095665	 15.348102	   2182.092889	   2182.092889	921657	   2182.105749	   2182.080034	0.0	      0.000000	330	67673252	
493	  0.095665	 14.944596	   2182.048504	   2182.048504	937543	   2182.061365	   2182.035649	0.0	      0.000000	330	67673252	
494	  0.095665	 16.342478	   2182.016169	   2182.016169	949116	   2182.029030	   2182.003314	0.0	      0.000000	330	67673252	
495	  0.066965	 10.350485	   2181.996480	   2181.996480	956163	   2182.009341	   2181.983625	0.0	      0.000000	330	67673252	
496	  0.229596	 37.914925	   2181.475123	   2181.475123	94188	   2181.487984	   2181.462268	0.0	      0.000000	331	1969281	
497	  0.229596	 43.357513	   2181.462190	   2181.462190	98817	   2181.475050	   2181.449335	0.0	      0.000000	331	1969281	
498	  0.210463	 57.878113	   2181.435446	   2181.435446	108389	   2181.448307	   2181.422591	0.0	      0.000000	331	1969281	
499	  0.191330	 61.047924	   2181.417520	   2181.417520	114805	   2181.430380	   2181.404665	0.0	      0.000000	331	1969281	
500	  0.210463	 86.789726	   2181.395763	   2181.395763	122592	   2181.408624	   2181.382908	0.0	      0.000000	331	1969281	
501	  0.191330	 45.409111	   2181.374604	   2181.374604	130165	   2181.387465	   2181.361749	0.0	      0.000000	331	1969281	
502	  0.229596	 64.943367	   2181.356371	   2181.356371	136691	   2181.369232	   2181.343516	0.0	      0.000000	331	1969281	
503	  0.229596	 69.394814	   2181.337853	   2181.337853	143319	   2181.350713	   2181.324998	0.0	      0.000000	331	1969281	
504	  0.229596	 36.096165	   2181.316688	   2181.316688	150894	   2181.329549	   2181.303833	0.0	      0.000000	331	1969281	
505	  0.229596	 71.112358	   2181.291115	   2181.291115	160047	   2181.303976	   2181.278260	0.0	      0.000000	331	1969281	
506	  0.229596	 57.569466	   2181.277888	   2181.277888	164781	   2181.290749	   2181.265033	0.0	      0.000000	331	1969281	
507	  0.239162	 38.088348	   2181.251723	   2181.251723	174146	   2181.264584	   2181.238868	0.0	      0.000000	331	1969281	
508	  0.066965	 60.865086	   2181.235881	   2181.235881	179816	   2181.248742	   2181.223026	0.0	      0.000000	331	1969281	
509	  0.066965	 81.911049	   2181.221478	   2181.221478	184971	   2181.234339	   2181.208623	0.0	      0.000000	331	1969281	
510	  0.229596	 73.997810	   2181.203815	   2181.203815	191293	   2181.216675	   2181.190960	0.0	      0.000000	331	1969281	
511	  0.133931	 51.999424	   2181.182081	   2181.182081	199072	   2181.194941	   2181.169225	0.0	      0.000000	331	1969281	
512	  0.172197	 62.074177	   2181.167675	   2181.167675	204228	   2181.180535	   2181.154820	0.0	      0.000000	331	1969281	
513	  0.229596	 59.305126	   2181.124156	   2181.124156	219804	   2181.137017	   2181.111301	0.0	      0.000000	331	1969281	
514	  0.047832	 49.987980	   2181.090676	   2181.090676	231787	   2181.103536	   2181.077821	0.0	      0.000000	331	1969281	
515	  0.047832	 40.483929	   2181.070101	   2181.070101	239151	   2181.082962	   2181.057246	0.0	      0.000000	331	1969281	
516	  0.229596	 39.234020	   2181.042734	   2181.042734	248946	   2181.055595	   2181.029879	0.0	      0.000000	331	1969281	
517	  0.047832	 54.712608	   2181.021894	   2181.021894	256405	   2181.034755	   2181.009039	0.0	      0.000000	331	1969281	
518	 -0.172197	 55.562069	   2181.004275	   2181.004275	262711	   2181.017136	   2180.991420	0.0	      0.000000	331	1969281	
519	 -0.172197	 65.251663	   2180.985463	   2180.985463	269444	   2180.998324	   2180.972608	0.0	      0.000000	331	1969281	
520	 -0.181763	 35.938572	   2180.970178	   2180.970178	274915	   2180.983038	   2180.957323	0.0	      0.000000	331	1969281	
521	  0.229596	 37.364334	   2180.954551	   2180.954551	280508	   2180.967412	   2180.941696	0.0	      0.000000	331	1969281	
522	 -0.181763	 43.155998	   2180.931671	   2180.931671	288697	   2180.944532	   2180.918816	0.0	      0.000000	331	1969281	
523	 -0.191330	 52.001137	   2180.913742	   2180.913742	295114	   2180.926603	   2180.900887	0.0	      0.000000	331	1969281	
524	 -0.172197	 49.264858	   2180.881701	   2180.881701	306582	   2180.894562	   2180.868846	0.0	      0.000000	331	1969281	
525	 -0.172197	 60.833393	   2180.824383	   2180.824383	327097	   2180.837243	   2180.811528	0.0	      0.000000	331	1969281	
526	 -0.181763	 30.403389	   2180.781761	   2180.781761	342352	   2180.794621	   2180.768906	0.0	      0.000000	331	1969281	
527	 -0.181763	 48.292015	   2180.768828	   2180.768828	346981	   2180.781688	   2180.755972	0.0	      0.000000	331	1969281	
528	  0.229596	 31.208393	   2180.755257	   2180.755257	351838	   2180.768118	   2180.742402	0.0	      0.000000	331	1969281	
529	 -0.200896	 41.327690	   2180.737082	   2180.737082	358343	   2180.749943	   2180.724227	0.0	      0.000000	331	1969281	
530	  0.239162	 36.503841	   2180.721157	   2180.721157	364043	   2180.734017	   2180.708302	0.0	      0.000000	331	1969281	
531	  0.229596	 56.017525	   2180.702348	   2180.702348	370775	   2180.715209	   2180.689493	0.0	      0.000000	331	1969281	
532	 -0.124364	 35.752388	   2180.679175	   2180.679175	379069	   2180.692035	   2180.666320	0.0	      0.000000	331	1969281	
533	 -0.114798	 32.007977	   2180.656247	   2180.656247	387275	   2180.669108	   2180.643392	0.0	      0.000000	331	1969281	
534	 -0.124364	 26.754229	   2180.639199	   2180.639199	393377	   2180.652059	   2180.626344	0.0	      0.000000	331	1969281	
535	  0.229596	 38.422264	   2180.620926	   2180.620926	399917	   2180.633787	   2180.608071	0.0	      0.000000	331	1969281	
536	 -0.124364	 37.440052	   2180.593344	   2180.593344	409789	   2180.606205	   2180.580489	0.0	      0.000000	331	1969281	
537	  0.210463	 25.411377	   2180.565963	   2180.565963	419589	   2180.578824	   2180.553108	0.0	      0.000000	331	1969281	
538	  0.210463	 38.379200	   2180.548914	   2180.548914	425691	   2180.561775	   2180.536059	0.0	      0.000000	331	1969281	
539	  0.229596	 39.083996	   2180.516577	   2180.516577	437265	   2180.529438	   2180.503722	0.0	      0.000000	331	1969281	
540	  0.191330	 29.225971	   2180.497184	   2180.497184	444206	   2180.510045	   2180.484329	0.0	      0.000000	331	1969281	
541	 -0.009566	 16.657276	   2180.093774	   2180.093774	588592	   2180.106635	   2180.080919	0.0	      0.000000	331	1969281	
542	 -0.009566	 89.723572	   2180.032542	   2180.032542	610508	   2180.045402	   2180.019687	0.0	      0.000000	331	1969281	
543	 -0.000000	3460.270508	   2179.971306	   2179.971306	632425	   2179.984167	   2179.958451	0.0	      0.000000	331	1969281	
544	 -0.000000	 89.088387	   2179.910074	   2179.910074	654341	   2179.922934	   2179.897219	0.0	      0.000000	331	1969281	
545	  0.019133	 13.953263	   2179.848838	   2179.848838	676258	   2179.861699	   2179.835983	0.0	      0.000000	331	1969281	
546	 -0.009566	227.898087	   2156.385840	   2156.385840	685384	   2156.398701	   2156.372985	0.0	      0.000000	339	354484	
547	 -0.009566	 18.615236	   2140.759858	   2140.759858	1035261	   2140.772719	   2140.747003	0.0	      0.000000	344	47	
548	  0.009566	 13.986048	   2125.181621	   2125.181621	319473	   2125.194482	   2125.168766	0.0	      0.000000	350	885866	
549	 -0.009566	2567.502441	   2125.133873	   2125.133873	336563	   2125.146733	   2125.121018	0.0	      0.000000	350	885866	
550	 -0.000000	 22.110653	   2124.940044	   2124.940044	405937	   2124.952905	   2124.927189	0.0	      0.000000	350	885866	
551	 -0.009566	 71.218483	   2109.507887	   2109.507887	686441	   2109.520748	   2109.495032	0.0	      0.000000	355	1286	
552	 -0.076532	 10.103190	   2107.125247	   2107.125247	490645	   2107.138108	   2107.112392	0.0	      0.000000	356	52	
553	 -0.066965	 14.735147	   2107.028970	   2107.028970	525104	   2107.041831	   2107.016115	0.0	      0.000000	356	52	
554	 -0.076532	 14.198507	   2106.839430	   2106.839430	592943	   2106.852291	   2106.826575	0.0	      0.000000	356	52	
555	 -0.076532	 11.317560	   2106.779259	   2106.779259	614479	   2106.792120	   2106.766404	0.0	      0.000000	356	52	
556	 -0.076532	 11.288509	   2106.695018	   2106.695018	644630	   2106.707879	   2106.682163	0.0	      0.000000	356	52	
557	 -0.066965	 10.268956	   2106.586707	   2106.586707	683396	   2106.599568	   2106.573852	0.0	      0.000000	356	52	
558	 -0.076532	 18.671682	   2106.526536	   2106.526536	704932	   2106.539397	   2106.513681	0.0	      0.000000	356	52	
559	 -0.076532	 13.859424	   2106.448314	   2106.448314	732929	   2106.461174	   2106.435459	0.0	      0.000000	356	52	
560	 -0.066965	 15.037606	   2106.421235	   2106.421235	742621	   2106.434095	   2106.408380	0.0	      0.000000	356	52	
561	 -0.076532	 13.761159	   2106.379116	   2106.379116	757696	   2106.391976	   2106.366261	0.0	      0.000000	356	52	
562	 -0.066965	 12.669261	   2106.352036	   2106.352036	767388	   2106.364897	   2106.339181	0.0	      0.000000	356	52	
563	 -0.066965	 19.945547	   2106.273814	   2106.273814	795385	   2106.286674	   2106.260959	0.0	      0.000000	356	52	
564	 -0.076532	 10.346656	   2106.234704	   2106.234704	809383	   2106.247564	   2106.221849	0.0	      0.000000	356	52	
565	 -0.076532	 11.126513	   2106.213643	   2106.213643	816921	   2106.226503	   2106.200788	0.0	      0.000000	356	52	
566	 -0.066965	 10.553372	   2106.174530	   2106.174530	830920	   2106.187391	   2106.161675	0.0	      0.000000	356	52	
567	 -0.066965	 11.188882	   2106.105332	   2106.105332	855687	   2106.118193	   2106.092477	0.0	      0.000000	356	52	
568	 -0.076532	 10.638425	   2106.066222	   2106.066222	869685	   2106.079083	   2106.053367	0.0	      0.000000	356	52	
569	 -0.076532	 13.319774	   2106.021094	   2106.021094	885837	   2106.033954	   2106.008239	0.0	      0.000000	356	52	
570	 -0.066965	 16.711172	   2105.960920	   2105.960920	907374	   2105.973781	   2105.948065	0.0	      0.000000	356	52	
571	 -0.076532	 17.988335	   2105.771380	   2105.771380	975213	   2105.784241	   2105.758525	0.0	      0.000000	356	52	
572	 -0.076532	 11.758455	   2105.311066	   2105.311066	91390	   2105.323926	   2105.298210	0.0	      0.000000	357	8	
573	 -0.076532	 11.365321	   2105.296023	   2105.296023	96774	   2105.308883	   2105.283168	0.0	      0.000000	357	8	
574	 -0.076532	 11.587314	   2105.214791	   2105.214791	125848	   2105.227652	   2105.201936	0.0	      0.000000	357	8	
575	 -0.066965	 14.241207	   2105.154617	   2105.154617	147385	   2105.167478	   2105.141762	0.0	      0.000000	357	8	
576	 -0.066965	 11.472140	   2105.106480	   2105.106480	164614	   2105.119341	   2105.093625	0.0	      0.000000	357	8	
577	 -0.076532	 13.820461	   2104.998172	   2104.998172	203379	   2105.011033	   2104.985317	0.0	      0.000000	357	8	
578	 -0.066965	 11.183292	   2104.971093	   2104.971093	213071	   2104.983953	   2104.958238	0.0	      0.000000	357	8	
579	 -0.000000	 21.140549	   2100.000001	   2100.000001	943718	   2100.012862	   2099.987146	0.0	      0.000000	358	9	
580	 -0.000000	 20.481760	   2093.881902	   2093.881902	1036319	   2093.894763	   2093.869047	0.0	      0.000000	360	57	
581	 -0.009566	 23.755907	   2078.255919	   2078.255919	337620	   2078.268780	   2078.243064	0.0	      0.000000	366	116	
582	 -0.000000	 10.199685	   2062.441808	   2062.441808	754831	   2062.454668	   2062.428953	0.0	      0.000000	371	2	
583	 -0.038266	 13.242530	   2029.878125	   2029.878125	875491	   2029.890986	   2029.865270	0.0	      0.000000	382	16	
584	 -0.009566	 44.946178	   2015.751981	   2015.751981	688555	   2015.764841	   2015.739126	0.0	      0.000000	387	447	
585	 -0.000000	 12.133561	   2002.929686	   2002.929686	34953	   2002.942547	   2002.916831	0.0	      0.000000	392	557	
586	 -0.019133	 68.026787	   2000.125998	   2000.125998	1038432	   2000.138859	   2000.113143	0.0	      0.000000	392	557	
587	 -0.000000	 90.438255	   1999.999999	   1999.999999	34953	   2000.012859	   1999.987144	0.0	      0.000000	393	378	
588	  0.009566	 19.356865	   1998.608304	   1998.608304	533060	   1998.621164	   1998.595449	0.0	      0.000000	393	378	
589	 -0.019133	 38.775169	   1997.196311	   1997.196311	1038432	   1997.209171	   1997.183456	0.0	      0.000000	393	378	
590	 -0.000000	 12.115268	   1989.470800	   1989.470800	657772	   1989.483661	   1989.457945	0.0	      0.000000	396	38	
591	 -0.000000	 10.131916	   1989.422001	   1989.422001	675238	   1989.434861	   1989.409146	0.0	      0.000000	396	38	
592	 -0.000000	 11.830320	   1989.377800	   1989.377800	691058	   1989.390661	   1989.364945	0.0	      0.000000	396	38	
593	 -0.000000	 12.115512	   1989.331800	   1989.331800	707522	   1989.344661	   1989.318945	0.0	      0.000000	396	38	
594	 -0.000000	 11.619683	   1989.290100	   1989.290100	722447	   1989.302961	   1989.277245	0.0	      0.000000	396	38	
595	 -0.000000	 10.821999	   1989.244500	   1989.244500	738768	   1989.257360	   1989.231645	0.0	      0.000000	396	38	
596	 -0.000000	 12.888731	   1989.201501	   1989.201501	754158	   1989.214361	   1989.188646	0.0	      0.000000	396	38	
597	 -0.000000	 10.521878	   1989.156800	   1989.156800	770157	   1989.169661	   1989.143945	0.0	      0.000000	396	38	
598	 -0.000000	 16.054611	   1989.106500	   1989.106500	788160	   1989.119361	   1989.093645	0.0	      0.000000	396	38	
599	 -0.000000	 12.573895	   1989.064300	   1989.064300	803264	   1989.077161	   1989.051445	0.0	      0.000000	396	38	
600	 -0.000000	 11.144724	   1989.014799	   1989.014799	820981	   1989.027660	   1989.001944	0.0	      0.000000	396	38	
601	 -0.000000	 14.652847	   1988.970800	   1988.970800	836729	   1988.983661	   1988.957945	0.0	      0.000000	396	38	
602	 -0.000000	 13.032437	   1988.932400	   1988.932400	850473	   1988.945260	   1988.919545	0.0	      0.000000	396	38	
603	 -0.000000	 13.873504	   1988.886400	   1988.886400	866937	   1988.899260	   1988.873545	0.0	      0.000000	396	38	
604	 -0.000000	 12.283643	   1987.940100	   1987.940100	157055	   1987.952960	   1987.927245	0.0	      0.000000	397	11	
605	 -0.000000	 11.149881	   1987.846700	   1987.846700	190484	   1987.859561	   1987.833845	0.0	      0.000000	397	11	
606	 -0.000000	 11.947633	   1987.714900	   1987.714900	237657	   1987.727761	   1987.702045	0.0	      0.000000	397	11	
607	 -0.000000	 10.995101	   1987.489100	   1987.489100	318474	   1987.501961	   1987.476245	0.0	      0.000000	397	11	
608	 -0.000000	 13.613596	   1987.445101	   1987.445101	334222	   1987.457961	   1987.432246	0.0	      0.000000	397	11	
609	 -0.000000	 10.523456	   1949.665600	   1949.665600	224544	   1949.678461	   1949.652745	0.0	      0.000000	410	8	
610	 -0.000000	 13.653111	   1949.619100	   1949.619100	241187	   1949.631961	   1949.606245	0.0	      0.000000	410	8	
611	 -0.000000	 11.051867	   1937.466209	   1937.466209	396572	   1937.479070	   1937.453354	0.0	      0.000000	414	2	
612	  0.095665	 13.012057	   1928.979178	   1928.979178	288471	   1928.992038	   1928.966323	0.0	      0.000000	417	12068665	
613	  0.095665	 11.625030	   1928.923547	   1928.923547	308382	   1928.936408	   1928.910692	0.0	      0.000000	417	12068665	
614	  0.038266	 19.606735	   1928.867598	   1928.867598	328407	   1928.880458	   1928.854743	0.0	      0.000000	417	12068665	
615	  0.057399	 13.341491	   1928.736798	   1928.736798	375222	   1928.749659	   1928.723943	0.0	      0.000000	417	12068665	
616	  0.076532	 16.698824	   1928.681402	   1928.681402	395049	   1928.694263	   1928.668547	0.0	      0.000000	417	12068665	
617	  0.086098	 13.917457	   1928.662959	   1928.662959	401650	   1928.675820	   1928.650104	0.0	      0.000000	417	12068665	
618	  0.047832	 13.959879	   1928.625593	   1928.625593	415024	   1928.638453	   1928.612738	0.0	      0.000000	417	12068665	
619	  0.086098	 16.797739	   1928.607147	   1928.607147	421626	   1928.620007	   1928.594292	0.0	      0.000000	417	12068665	
620	  0.047832	 15.161891	   1928.588193	   1928.588193	428410	   1928.601053	   1928.575337	0.0	      0.000000	417	12068665	
621	  0.028699	 12.906338	   1928.533207	   1928.533207	448090	   1928.546068	   1928.520352	0.0	      0.000000	417	12068665	
622	  0.028699	 21.436800	   1928.477208	   1928.477208	468133	   1928.490068	   1928.464353	0.0	      0.000000	417	12068665	
623	  0.153064	 21.522278	   1928.458798	   1928.458798	474722	   1928.471659	   1928.445943	0.0	      0.000000	417	12068665	
624	  0.066965	 18.483850	   1928.422005	   1928.422005	487891	   1928.434865	   1928.409149	0.0	      0.000000	417	12068665	
625	  0.038266	 19.441690	   1928.402413	   1928.402413	494903	   1928.415274	   1928.389558	0.0	      0.000000	417	12068665	
626	  0.047832	 10.178459	   1928.291350	   1928.291350	534654	   1928.304211	   1928.278495	0.0	      0.000000	417	12068665	
627	  0.047832	 20.034483	   1928.272558	   1928.272558	541380	   1928.285419	   1928.259703	0.0	      0.000000	417	12068665	
628	  0.009566	 12.399666	   1928.254827	   1928.254827	547726	   1928.267688	   1928.241972	0.0	      0.000000	417	12068665	
629	 -0.009566	 11.977890	   1928.217196	   1928.217196	561195	   1928.230056	   1928.204340	0.0	      0.000000	417	12068665	
630	  0.076532	 15.238673	   1928.198521	   1928.198521	567879	   1928.211381	   1928.185666	0.0	      0.000000	417	12068665	
631	  0.124364	 12.456923	   1928.143510	   1928.143510	587568	   1928.156371	   1928.130655	0.0	      0.000000	417	12068665	
632	  0.028699	 17.304790	   1928.012758	   1928.012758	634366	   1928.025619	   1927.999903	0.0	      0.000000	417	12068665	
633	  0.086098	 18.109447	   1927.957133	   1927.957133	654275	   1927.969994	   1927.944278	0.0	      0.000000	417	12068665	
634	  0.114798	 10.555552	   1927.938380	   1927.938380	660987	   1927.951241	   1927.925525	0.0	      0.000000	417	12068665	
635	  0.124364	 15.312342	   1927.919987	   1927.919987	667570	   1927.932848	   1927.907132	0.0	      0.000000	417	12068665	
636	  0.076532	 12.626893	   1927.901432	   1927.901432	674211	   1927.914293	   1927.888577	0.0	      0.000000	417	12068665	
637	-10.848399	 52.443565	   1926.723982	   1926.723982	47061	   1926.736842	   1926.711127	0.0	      0.000000	418	63356184	
638	-10.848399	 32.750813	   1926.670282	   1926.670282	66281	   1926.683142	   1926.657427	0.0	      0.000000	418	63356184	
639	 11.058862	 18.029146	   1926.619881	   1926.619881	84320	   1926.632742	   1926.607026	0.0	      0.000000	418	63356184	
640	 16.530895	 21.522556	   1926.523883	   1926.523883	118679	   1926.536744	   1926.511028	0.0	      0.000000	418	63356184	
641	  5.577263	 13.641128	   1926.476182	   1926.476182	135752	   1926.489043	   1926.463327	0.0	      0.000000	418	63356184	
642	-10.848399	 15.707515	   1926.455183	   1926.455183	143268	   1926.468043	   1926.442328	0.0	      0.000000	418	63356184	
643	-10.848399	 12.746765	   1926.418283	   1926.418283	156475	   1926.431143	   1926.405428	0.0	      0.000000	418	63356184	
644	-10.848399	 82.408836	   1926.390483	   1926.390483	166425	   1926.403343	   1926.377628	0.0	      0.000000	418	63356184	
645	-10.848399	 40.346626	   1926.351183	   1926.351183	180491	   1926.364043	   1926.338328	0.0	      0.000000	418	63356184	
646	  5.510298	 12.450114	   1925.173425	   1925.173425	602027	   1925.186285	   1925.160570	0.0	      0.000000	418	63356184	
647	  5.510298	 18.710247	   1925.129825	   1925.129825	617632	   1925.142686	   1925.116970	0.0	      0.000000	418	63356184	
648	  5.510298	 13.375036	   1925.097725	   1925.097725	629121	   1925.110586	   1925.084870	0.0	      0.000000	418	63356184	
649	  5.510298	 23.874254	   1925.052225	   1925.052225	645406	   1925.065086	   1925.039370	0.0	      0.000000	418	63356184	
650	  5.510298	 77.722977	   1924.987025	   1924.987025	668742	   1924.999886	   1924.974170	0.0	      0.000000	418	63356184	
651	  5.510298	 28.690845	   1924.941525	   1924.941525	685027	   1924.954386	   1924.928670	0.0	      0.000000	418	63356184	
652	  5.510298	 14.153404	   1924.911325	   1924.911325	695836	   1924.924186	   1924.898470	0.0	      0.000000	418	63356184	
653	  5.510298	 10.580761	   1924.860526	   1924.860526	714018	   1924.873386	   1924.847670	0.0	      0.000000	418	63356184	
654	  5.510298	 15.507566	   1924.727326	   1924.727326	761692	   1924.740187	   1924.714471	0.0	      0.000000	418	63356184	
655	 10.924932	 13.699945	   1924.709157	   1924.709157	768195	   1924.722017	   1924.696302	0.0	      0.000000	418	63356184	
656	  5.510298	 25.993551	   1924.678426	   1924.678426	779194	   1924.691286	   1924.665571	0.0	      0.000000	418	63356184	
657	  5.510298	 29.014416	   1924.663126	   1924.663126	784670	   1924.675987	   1924.650271	0.0	      0.000000	418	63356184	
658	  5.510298	 25.651707	   1924.646826	   1924.646826	790504	   1924.659687	   1924.633971	0.0	      0.000000	418	63356184	
659	 -0.009566	 11.004499	   1923.440620	   1923.440620	173646	   1923.453481	   1923.427765	0.0	      0.000000	419	53323585	
660	 16.406530	 14.169566	   1923.329222	   1923.329222	213517	   1923.342082	   1923.316367	0.0	      0.000000	419	53323585	
661	 -0.009566	 61.886559	   1923.267721	   1923.267721	235529	   1923.280581	   1923.254866	0.0	      0.000000	419	53323585	
662	 -5.481599	 17.177402	   1923.213621	   1923.213621	254892	   1923.226482	   1923.200766	0.0	      0.000000	419	53323585	
663	 -0.009566	 12.530504	   1923.184220	   1923.184220	265415	   1923.197081	   1923.171365	0.0	      0.000000	419	53323585	
664	 -0.009566	 17.457670	   1923.000221	   1923.000221	331271	   1923.013081	   1922.987366	0.0	      0.000000	419	53323585	
665	 21.888128	 16.506269	   1922.930025	   1922.930025	356395	   1922.942886	   1922.917170	0.0	      0.000000	419	53323585	
666	 27.379293	 11.836780	   1922.908120	   1922.908120	364235	   1922.920981	   1922.895265	0.0	      0.000000	419	53323585	
667	 -0.009566	 12.515068	   1922.892321	   1922.892321	369890	   1922.905181	   1922.879465	0.0	      0.000000	419	53323585	
668	 16.530895	 15.915830	   1922.103223	   1922.103223	652319	   1922.116084	   1922.090368	0.0	      0.000000	419	53323585	
669	 16.530895	 13.429990	   1921.827724	   1921.827724	750924	   1921.840584	   1921.814869	0.0	      0.000000	419	53323585	
670	-10.886665	 10.242507	   1921.769428	   1921.769428	771789	   1921.782288	   1921.756573	0.0	      0.000000	419	53323585	
671	 16.530895	 26.970533	   1921.705024	   1921.705024	794840	   1921.717885	   1921.692169	0.0	      0.000000	419	53323585	
672	-16.368263	 13.621504	   1921.652430	   1921.652430	813664	   1921.665291	   1921.639575	0.0	      0.000000	419	53323585	
673	-10.886665	 19.141788	   1921.629928	   1921.629928	821718	   1921.642788	   1921.617073	0.0	      0.000000	419	53323585	
674	 16.530895	 43.385620	   1921.589524	   1921.589524	836179	   1921.602385	   1921.576669	0.0	      0.000000	419	53323585	
675	 16.530895	128.294754	   1921.531125	   1921.531125	857081	   1921.543985	   1921.518270	0.0	      0.000000	419	53323585	
676	 16.530895	 46.906345	   1921.481825	   1921.481825	874726	   1921.494686	   1921.468970	0.0	      0.000000	419	53323585	
677	 -5.366801	 64.663536	   1921.458822	   1921.458822	882959	   1921.471683	   1921.445967	0.0	      0.000000	419	53323585	
678	 -5.366801	 19.174168	   1921.423822	   1921.423822	895486	   1921.436683	   1921.410967	0.0	      0.000000	419	53323585	
679	  0.095665	 10.889926	   1921.379624	   1921.379624	911305	   1921.392485	   1921.366769	0.0	      0.000000	419	53323585	
680	-16.368263	 23.716873	   1921.353931	   1921.353931	920501	   1921.366792	   1921.341076	0.0	      0.000000	419	53323585	
681	-10.886665	 27.359076	   1921.289329	   1921.289329	943623	   1921.302190	   1921.276474	0.0	      0.000000	419	53323585	
682	-10.886665	 11.402541	   1921.244229	   1921.244229	959765	   1921.257089	   1921.231374	0.0	      0.000000	419	53323585	
683	  0.095665	 59.948391	   1921.218125	   1921.218125	969108	   1921.230985	   1921.205270	0.0	      0.000000	419	53323585	
684	 -5.366801	 56.114803	   1921.201023	   1921.201023	975229	   1921.213884	   1921.188168	0.0	      0.000000	419	53323585	
685	 -0.000000	 71.957962	   1899.999999	   1899.999999	174763	   1900.012860	   1899.987144	0.0	      0.000000	427	132	
686	  0.076532	 33.442402	   1891.106590	   1891.106590	212110	   1891.119451	   1891.093735	0.0	      0.000000	430	34	
687	 -0.000000	188.448959	   1875.121147	   1875.121147	690643	   1875.134008	   1875.108292	0.0	      0.000000	435	92102	
688	  0.009566	115.488777	   1860.499691	   1860.499691	680986	   1860.512551	   1860.486836	0.0	      0.000000	440	46144	
689	 -0.000000	 15.199502	   1849.999999	   1849.999999	244668	   1850.012860	   1849.987144	0.0	      0.000000	444	2	
690	  0.220029	 18.981602	   1837.533821	   1837.533821	512183	   1837.546682	   1837.520966	0.0	      0.000000	448	19312	
691	 -0.000000	182.812332	   1830.937501	   1830.937501	775946	   1830.950361	   1830.924646	0.0	      0.000000	450	104271	
692	  0.076532	 17.149841	   1824.751972	   1824.751972	892681	   1824.764832	   1824.739117	0.0	      0.000000	452	6	
693	 -0.019133	 11.829464	   1807.496843	   1807.496843	777076	   1807.509704	   1807.483988	0.0	      0.000000	458	4	
694	 -0.000000	912.310608	   1799.999999	   1799.999999	314573	   1800.012860	   1799.987144	0.0	      0.000000	461	105224	
695	 -0.000000	 16.337555	   1790.000001	   1790.000001	747984	   1790.012861	   1789.987146	0.0	      0.000000	464	2	
696	 -0.000000	 27.457613	   1779.999999	   1779.999999	132820	   1780.012860	   1779.987144	0.0	      0.000000	468	18	
697	  0.057399	 11.156823	   1775.027510	   1775.027510	863967	   1775.040371	   1775.014655	0.0	      0.000000	469	74536	
698	 -0.430492	 13.108541	   1774.983475	   1774.983475	879728	   1774.996335	   1774.970620	0.0	      0.000000	469	74536	
699	 -0.373093	 33.772625	   1774.968449	   1774.968449	885106	   1774.981309	   1774.955594	0.0	      0.000000	469	74536	
700	 -0.545290	 19.505518	   1774.950067	   1774.950067	891685	   1774.962928	   1774.937212	0.0	      0.000000	469	74536	
701	 -0.000000	118.761726	   1770.000000	   1770.000000	566231	   1770.012861	   1769.987145	0.0	      0.000000	471	128	
702	  9.231663	 10.643822	   1767.187327	   1767.187327	524350	   1767.200187	   1767.174472	0.0	      0.000000	472	373	
703	-27.044466	 10.419744	   1761.328617	   1761.328617	524112	   1761.341477	   1761.315762	0.0	      0.000000	474	664	
704	 -0.000000	117.958038	   1760.000001	   1760.000001	999642	   1760.012862	   1759.987146	0.0	      0.000000	474	664	
705	  0.066965	 11.343977	   1758.397356	   1758.397356	524675	   1758.410217	   1758.384501	0.0	      0.000000	475	540	
706	-19.018181	 11.760162	   1755.469099	   1755.469099	524163	   1755.481960	   1755.456244	0.0	      0.000000	476	20178	
707	  6.696543	 11.590824	   1752.538937	   1752.538937	524333	   1752.551797	   1752.526082	0.0	      0.000000	477	31744	
708	 -0.047832	 12.018528	   1750.039744	   1750.039744	370253	   1750.052604	   1750.026889	0.0	      0.000000	478	830150	
709	 -0.000000	283.645508	   1750.000000	   1750.000000	384478	   1750.012860	   1749.987145	0.0	      0.000000	478	830150	
710	 -0.038266	284.189514	   1749.985558	   1749.985558	389647	   1749.998418	   1749.972703	0.0	      0.000000	478	830150	
711	 -6.524346	 11.687093	   1749.609492	   1749.609492	524246	   1749.622353	   1749.596637	0.0	      0.000000	478	830150	
712	  2.908213	 12.266669	   1746.679632	   1746.679632	524308	   1746.692492	   1746.666777	0.0	      0.000000	479	32008	
713	-16.521328	 19.545773	   1743.750299	   1743.750299	524181	   1743.763160	   1743.737444	0.0	      0.000000	480	88439	
714	-21.811596	 12.827479	   1740.820712	   1740.820712	524145	   1740.833573	   1740.807857	0.0	      0.000000	481	55052	
715	 -0.000000	116.592155	   1740.000001	   1740.000001	817889	   1740.012861	   1739.987146	0.0	      0.000000	481	55052	
716	-17.870203	 13.347973	   1737.890955	   1737.890955	524170	   1737.903815	   1737.878100	0.0	      0.000000	482	57933	
717	-13.077392	 14.044160	   1734.961178	   1734.961178	524202	   1734.974038	   1734.948323	0.0	      0.000000	483	59975	
718	 -0.019133	 34.441235	   1733.987167	   1733.987167	872814	   1734.000028	   1733.974312	0.0	      0.000000	483	59975	
719	 12.206841	 14.583809	   1732.031029	   1732.031029	524367	   1732.043890	   1732.018174	0.0	      0.000000	484	69502	
720	 -0.000000	 51.769123	   1729.999999	   1729.999999	202725	   1730.012860	   1729.987144	0.0	      0.000000	485	70140	
721	-25.236401	 14.759137	   1729.102026	   1729.102026	524122	   1729.114887	   1729.089171	0.0	      0.000000	485	70140	
722	 16.167368	 15.448483	   1726.171573	   1726.171573	524396	   1726.184434	   1726.158718	0.0	      0.000000	486	72388	
723	-17.363178	 15.663297	   1723.242506	   1723.242506	524174	   1723.255367	   1723.229651	0.0	      0.000000	487	79246	
724	 31.129358	 16.065603	   1720.311930	   1720.311930	524492	   1720.324791	   1720.299075	0.0	      0.000000	488	83577	
725	 -0.000000	 37.017338	   1720.000000	   1720.000000	636136	   1720.012861	   1719.987145	0.0	      0.000000	488	83577	
726	 19.601738	 17.036333	   1717.382458	   1717.382458	524415	   1717.395318	   1717.369603	0.0	      0.000000	489	79504	
727	 21.668098	 17.014435	   1714.452723	   1714.452723	524432	   1714.465583	   1714.439868	0.0	      0.000000	490	85619	
728	 -0.507024	 77.537155	   1712.512709	   1712.512709	170214	   1712.525569	   1712.499854	0.0	      0.000000	491	284317	
729	 -0.172197	 31.976227	   1712.482473	   1712.482473	181036	   1712.495333	   1712.469617	0.0	      0.000000	491	284317	
730	 -5.022407	 17.782152	   1711.523527	   1711.523527	524256	   1711.536388	   1711.510672	0.0	      0.000000	491	284317	
731	-10.303109	 17.406382	   1708.593934	   1708.593934	524222	   1708.606795	   1708.581079	0.0	      0.000000	492	85173	
732	 20.147028	 17.640762	   1705.663696	   1705.663696	524419	   1705.676557	   1705.650841	0.0	      0.000000	493	87388	
733	 28.680336	 18.052271	   1702.733850	   1702.733850	524476	   1702.746710	   1702.720995	0.0	      0.000000	494	91557	
734	 -0.000000	165.182510	   1700.000000	   1700.000000	454383	   1700.012860	   1699.987145	0.0	      0.000000	495	170898	
735	-21.218473	 18.594454	   1699.805073	   1699.805073	524150	   1699.817934	   1699.792218	0.0	      0.000000	495	170898	
736	 -0.382660	 19.554022	   1696.875006	   1696.875006	524286	   1696.887866	   1696.862151	0.0	      0.000000	496	90636	
737	  8.954234	 18.646246	   1693.945153	   1693.945153	524345	   1693.958014	   1693.932298	0.0	      0.000000	497	86588	
738	  0.057399	111.179054	   1691.004656	   1691.004656	528214	   1691.017517	   1690.991801	0.0	      0.000000	498	509229	
739	  0.727053	 17.108040	   1690.982067	   1690.982067	536299	   1690.994927	   1690.969212	0.0	      0.000000	498	509229	
740	 -3.118676	 18.288851	   1688.085996	   1688.085996	524267	   1688.098857	   1688.073141	0.0	      0.000000	499	87990	
741	 21.103676	 18.592201	   1685.155859	   1685.155859	524428	   1685.168719	   1685.143004	0.0	      0.000000	500	94796	
742	 -0.009566	 13.182664	   1683.346580	   1683.346580	123418	   1683.359441	   1683.333725	0.0	      0.000000	501	98220	
743	 -0.038266	 79.217392	   1683.319493	   1683.319493	133113	   1683.332353	   1683.306638	0.0	      0.000000	501	98220	
744	 -5.175471	 19.032782	   1682.226652	   1682.226652	524256	   1682.239513	   1682.213797	0.0	      0.000000	501	98220	
745	 -0.296561	 14.547887	   1681.251845	   1681.251845	873153	   1681.264706	   1681.238990	0.0	      0.000000	501	98220	
746	  9.614323	 18.686256	   1679.296696	   1679.296696	524352	   1679.309557	   1679.283841	0.0	      0.000000	502	98766	
747	-24.624146	 19.217066	   1676.367635	   1676.367635	524128	   1676.380495	   1676.354779	0.0	      0.000000	503	86075	
748	-22.988276	 18.539871	   1673.437919	   1673.437919	524138	   1673.450780	   1673.425064	0.0	      0.000000	504	92158	
749	 -0.650521	 18.883699	   1670.507818	   1670.507818	524286	   1670.520679	   1670.494963	0.0	      0.000000	505	91672	
750	 -0.430492	 18.446272	   1667.578131	   1667.578131	524286	   1667.590991	   1667.565276	0.0	      0.000000	506	94875	
751	 -2.554253	 18.794128	   1664.648488	   1664.648488	524270	   1664.661348	   1664.635633	0.0	      0.000000	507	91658	
752	  0.019133	 30.920347	   1662.013282	   1662.013282	418871	   1662.026142	   1662.000427	0.0	      0.000000	508	92769	
753	 -0.038266	 38.266911	   1661.962580	   1661.962580	437018	   1661.975440	   1661.949725	0.0	      0.000000	508	92769	
754	 24.107553	 18.626381	   1661.718309	   1661.718309	524446	   1661.731169	   1661.705454	0.0	      0.000000	508	92769	
755	-18.960783	 19.252382	   1658.789412	   1658.789412	524163	   1658.802272	   1658.776557	0.0	      0.000000	509	91717	
756	 16.779623	 18.172976	   1655.859070	   1655.859070	524397	   1655.871931	   1655.846215	0.0	      0.000000	510	93382	
757	 11.020597	 17.748135	   1652.929481	   1652.929481	524362	   1652.942341	   1652.916626	0.0	      0.000000	511	85111	
