# -------------------------- o --------------------------
# File ID: spliced_blc0x1x2x_guppi_59524_17554_ON_S_0034.rawspec.0000.h5 
# -------------------------- o --------------------------
# Source:ON_S
# MJD: 59524.203171296300	RA: 2h39m22.92s	DEC: 60d52m06.96s
# DELTAT:  18.253611	DELTAF(Hz):  -2.793968	max_drift_rate:  31.515000	obs_length: 292.057776
# --------------------------
# Top_Hit_# 	Drift_Rate 	SNR 	Uncorrected_Frequency 	Corrected_Frequency 	Index 	freq_start 	freq_end 	SEFD 	SEFD_freq 	Coarse_Channel_Number 	Full_number_of_hits 	
# --------------------------
001	 -0.286995	 11.544223	   3151.200520	   3151.200520	94605	   3151.213381	   3151.187665	0.0	      0.000000	0	71229715	
002	 -0.181763	453.975159	   3150.900384	   3150.900384	202028	   3150.913245	   3150.887529	0.0	      0.000000	0	71229715	
003	 -0.105231	4116.957520	   3150.600256	   3150.600256	309448	   3150.613117	   3150.587401	0.0	      0.000000	0	71229715	
004	  0.114798	320.277039	   3150.488129	   3150.488129	349580	   3150.500989	   3150.475273	0.0	      0.000000	0	71229715	
005	 -0.057399	319955.906250	   3150.300128	   3150.300128	416868	   3150.312989	   3150.287273	0.0	      0.000000	0	71229715	
006	  0.028699	669.667542	   3150.244070	   3150.244070	436932	   3150.256930	   3150.231215	0.0	      0.000000	0	71229715	
007	  0.124364	 24.745052	   3150.188023	   3150.188023	456992	   3150.200883	   3150.175168	0.0	      0.000000	0	71229715	
008	 -0.353960	 19.687416	   3150.168180	   3150.168180	464094	   3150.181041	   3150.155325	0.0	      0.000000	0	71229715	
009	  0.239162	 29.176889	   3150.131942	   3150.131942	477064	   3150.144803	   3150.119087	0.0	      0.000000	0	71229715	
010	 -0.086098	 39.276684	   3150.112105	   3150.112105	484164	   3150.124966	   3150.099250	0.0	      0.000000	0	71229715	
011	 -0.000000	210.588730	   3150.091553	   3150.091553	491520	   3150.104413	   3150.078698	0.0	      0.000000	0	71229715	
012	 -0.000000	 68.918892	   3150.042669	   3150.042669	509016	   3150.055530	   3150.029814	0.0	      0.000000	0	71229715	
013	 -0.000000	 59.295563	   3150.021664	   3150.021664	516534	   3150.034525	   3150.008809	0.0	      0.000000	0	71229715	
014	 -0.009566	322613.312500	   3150.000000	   3150.000000	524288	   3150.012861	   3149.987145	0.0	      0.000000	0	71229715	
015	 -0.000000	322613.312500	   3149.999997	   3149.999997	524289	   3150.012858	   3149.987142	0.0	      0.000000	0	71229715	
016	 -0.000000	 59.295567	   3149.978336	   3149.978336	532042	   3149.991196	   3149.965481	0.0	      0.000000	0	71229715	
017	 -0.000000	 68.918892	   3149.957331	   3149.957331	539560	   3149.970191	   3149.944475	0.0	      0.000000	0	71229715	
018	 -0.000000	210.588730	   3149.908447	   3149.908447	557056	   3149.921308	   3149.895592	0.0	      0.000000	0	71229715	
019	  0.086098	 39.276684	   3149.887895	   3149.887895	564412	   3149.900755	   3149.875040	0.0	      0.000000	0	71229715	
020	 -0.239162	 29.176889	   3149.868058	   3149.868058	571512	   3149.880918	   3149.855203	0.0	      0.000000	0	71229715	
021	  0.353960	 19.687414	   3149.831820	   3149.831820	584482	   3149.844681	   3149.818965	0.0	      0.000000	0	71229715	
022	 -0.124364	 24.745052	   3149.811977	   3149.811977	591584	   3149.824838	   3149.799122	0.0	      0.000000	0	71229715	
023	 -0.028699	669.667542	   3149.755930	   3149.755930	611644	   3149.768791	   3149.743075	0.0	      0.000000	0	71229715	
024	  0.057399	319955.906250	   3149.699872	   3149.699872	631708	   3149.712733	   3149.687017	0.0	      0.000000	0	71229715	
025	 -0.114798	320.277039	   3149.511871	   3149.511871	698996	   3149.524732	   3149.499016	0.0	      0.000000	0	71229715	
026	  0.105231	4116.957520	   3149.399744	   3149.399744	739128	   3149.412605	   3149.386889	0.0	      0.000000	0	71229715	
027	  0.181763	453.975159	   3149.099616	   3149.099616	846548	   3149.112477	   3149.086761	0.0	      0.000000	0	71229715	
028	  0.286995	 11.544223	   3148.799480	   3148.799480	953971	   3148.812340	   3148.786625	0.0	      0.000000	0	71229715	
029	 -0.000000	918.626404	   3147.070315	   3147.070315	524287	   3147.083176	   3147.057460	0.0	      0.000000	1	395029	
030	 -0.000000	1020.831299	   3146.314114	   3146.314114	794942	   3146.326975	   3146.301259	0.0	      0.000000	1	395029	
031	 -0.000000	1887.114014	   3145.557913	   3145.557913	17021	   3145.570773	   3145.545058	0.0	      0.000000	2	478093	
032	 -0.000000	151.752930	   3144.903121	   3144.903121	251380	   3144.915982	   3144.890266	0.0	      0.000000	2	478093	
033	 -0.000000	211.233826	   3144.471171	   3144.471171	405981	   3144.484032	   3144.458316	0.0	      0.000000	2	478093	
034	  0.019133	363.479065	   3144.140619	   3144.140619	524290	   3144.153480	   3144.127764	0.0	      0.000000	2	478093	
035	 -0.000000	 13.704552	   3143.365400	   3143.365400	801752	   3143.378260	   3143.352544	0.0	      0.000000	2	478093	
036	 -0.000000	 40.685059	   3143.088962	   3143.088962	900693	   3143.101822	   3143.076107	0.0	      0.000000	2	478093	
037	 -0.000000	 12.722342	   3142.996811	   3142.996811	933675	   3143.009672	   3142.983956	0.0	      0.000000	2	478093	
038	 -0.000000	3571.965576	   3142.628225	   3142.628225	17021	   3142.641086	   3142.615370	0.0	      0.000000	3	2098479	
039	 -0.000000	 12.378065	   3142.167491	   3142.167491	181924	   3142.180352	   3142.154636	0.0	      0.000000	3	2098479	
040	 -0.000000	 18.568130	   3141.891054	   3141.891054	280865	   3141.903914	   3141.878198	0.0	      0.000000	3	2098479	
041	 -0.000000	 64.061501	   3141.706755	   3141.706755	346828	   3141.719616	   3141.693900	0.0	      0.000000	3	2098479	
042	 -0.000000	 10.078558	   3141.519811	   3141.519811	413738	   3141.532671	   3141.506956	0.0	      0.000000	3	2098479	
043	 -0.000000	 71.302666	   3141.246019	   3141.246019	511732	   3141.258879	   3141.233164	0.0	      0.000000	3	2098479	
044	  0.009566	299.440460	   3141.210932	   3141.210932	524290	   3141.223793	   3141.198077	0.0	      0.000000	3	2098479	
045	 -0.000000	59051.386719	   3140.785282	   3140.785282	676636	   3140.798143	   3140.772427	0.0	      0.000000	3	2098479	
046	 -0.000000	 11.170387	   3140.693131	   3140.693131	709618	   3140.705992	   3140.680276	0.0	      0.000000	3	2098479	
047	 -0.000000	 18.000460	   3140.508847	   3140.508847	775576	   3140.521708	   3140.495992	0.0	      0.000000	3	2098479	
048	 -0.000000	 47.534035	   3140.416696	   3140.416696	808558	   3140.429557	   3140.403841	0.0	      0.000000	3	2098479	
049	 -0.000000	 15.342691	   3140.324546	   3140.324546	841540	   3140.337406	   3140.311691	0.0	      0.000000	3	2098479	
050	 -0.000000	 16.519749	   3140.140247	   3140.140247	907503	   3140.153108	   3140.127392	0.0	      0.000000	3	2098479	
051	 -0.000000	 60.878105	   3140.048110	   3140.048110	940480	   3140.060971	   3140.035255	0.0	      0.000000	3	2098479	
052	 -0.000000	103.006821	   3140.000001	   3140.000001	957699	   3140.012862	   3139.987146	0.0	      0.000000	3	2098479	
053	 -0.000000	 27.240738	   3139.863812	   3139.863812	1006443	   3139.876673	   3139.850957	0.0	      0.000000	3	2098479	
054	 -0.000000	 91.843132	   3139.806242	   3139.806242	1027048	   3139.819103	   3139.793387	0.0	      0.000000	3	2098479	
055	 -0.000000	 11.696794	   3139.679511	   3139.679511	23831	   3139.692371	   3139.666656	0.0	      0.000000	4	1050418	
056	 -0.000000	 10.632792	   3139.403076	   3139.403076	122771	   3139.415936	   3139.390220	0.0	      0.000000	4	1050418	
057	 -0.000000	 15.246990	   3139.310925	   3139.310925	155753	   3139.323786	   3139.298070	0.0	      0.000000	4	1050418	
058	 -0.000000	6446.303711	   3138.942339	   3138.942339	287675	   3138.955200	   3138.929484	0.0	      0.000000	4	1050418	
059	 -0.000000	 10.113401	   3138.481603	   3138.481603	452579	   3138.494463	   3138.468748	0.0	      0.000000	4	1050418	
060	  0.019133	375.921387	   3138.281247	   3138.281247	524289	   3138.294108	   3138.268392	0.0	      0.000000	4	1050418	
061	  0.009566	 11.145658	   3138.020866	   3138.020866	617483	   3138.033727	   3138.008011	0.0	      0.000000	4	1050418	
062	 -0.000000	 12.128945	   3137.467982	   3137.467982	815368	   3137.480843	   3137.455127	0.0	      0.000000	4	1050418	
063	 -0.000000	4394.977539	   3137.099396	   3137.099396	947290	   3137.112257	   3137.086541	0.0	      0.000000	4	1050418	
064	 -0.000000	 35.518036	   3136.876555	   3136.876555	1027048	   3136.889415	   3136.863700	0.0	      0.000000	4	1050418	
065	 -0.000000	 21.913811	   3136.711783	   3136.711783	37446	   3136.724644	   3136.698928	0.0	      0.000000	5	1464043	
066	 -0.000000	 24.421337	   3136.638660	   3136.638660	63618	   3136.651520	   3136.625805	0.0	      0.000000	5	1464043	
067	 -0.000000	 13.038241	   3136.362224	   3136.362224	162558	   3136.375085	   3136.349369	0.0	      0.000000	5	1464043	
068	 -0.000000	 10.023184	   3135.809337	   3135.809337	360444	   3135.822198	   3135.796482	0.0	      0.000000	5	1464043	
069	 -0.000000	 11.108221	   3135.625039	   3135.625039	426407	   3135.637899	   3135.612184	0.0	      0.000000	5	1464043	
070	  0.038266	400.968872	   3135.351554	   3135.351554	524291	   3135.364415	   3135.338699	0.0	      0.000000	5	1464043	
071	 -0.000000	52468.835938	   3135.256453	   3135.256453	558329	   3135.269314	   3135.243598	0.0	      0.000000	5	1464043	
072	 -0.000000	 10.289913	   3134.980015	   3134.980015	657270	   3134.992876	   3134.967160	0.0	      0.000000	5	1464043	
073	 -0.000000	 31.045542	   3134.887867	   3134.887867	690251	   3134.900728	   3134.875012	0.0	      0.000000	5	1464043	
074	 -0.000000	 69.233894	   3134.795717	   3134.795717	723233	   3134.808577	   3134.782862	0.0	      0.000000	5	1464043	
075	  0.028699	 23.102718	   3134.725504	   3134.725504	748363	   3134.738365	   3134.712649	0.0	      0.000000	5	1464043	
076	 -0.000000	 21.750229	   3134.703566	   3134.703566	756215	   3134.716427	   3134.690711	0.0	      0.000000	5	1464043	
077	 -0.000000	 24.949253	   3134.611418	   3134.611418	789196	   3134.624279	   3134.598563	0.0	      0.000000	5	1464043	
078	 -0.000000	120.547371	   3134.519279	   3134.519279	822174	   3134.532139	   3134.506424	0.0	      0.000000	5	1464043	
079	 -0.000000	 54.001312	   3134.427131	   3134.427131	855155	   3134.439991	   3134.414276	0.0	      0.000000	5	1464043	
080	 -0.000000	 50.966667	   3134.334980	   3134.334980	888137	   3134.347841	   3134.322125	0.0	      0.000000	5	1464043	
081	 -0.000000	 70.988152	   3134.242829	   3134.242829	921119	   3134.255690	   3134.229974	0.0	      0.000000	5	1464043	
082	 -0.000000	 10.049022	   3134.169709	   3134.169709	947290	   3134.182569	   3134.156854	0.0	      0.000000	5	1464043	
083	 -0.000000	138.048950	   3134.150682	   3134.150682	954100	   3134.163542	   3134.137827	0.0	      0.000000	5	1464043	
084	 -0.000000	 51.794926	   3134.058545	   3134.058545	987077	   3134.071406	   3134.045690	0.0	      0.000000	5	1464043	
085	 -0.000000	166.216980	   3133.782096	   3133.782096	37446	   3133.794956	   3133.769241	0.0	      0.000000	6	3048311	
086	 -0.000000	 16.392492	   3133.689945	   3133.689945	70428	   3133.702806	   3133.677090	0.0	      0.000000	6	3048311	
087	 -0.000000	 61.891499	   3133.597809	   3133.597809	103405	   3133.610669	   3133.584953	0.0	      0.000000	6	3048311	
088	 -0.000000	 61.446980	   3133.505658	   3133.505658	136387	   3133.518519	   3133.492803	0.0	      0.000000	6	3048311	
089	 -0.000000	58980.761719	   3133.413510	   3133.413510	169368	   3133.426371	   3133.400655	0.0	      0.000000	6	3048311	
090	 -0.000000	 55.910049	   3133.321359	   3133.321359	202350	   3133.334220	   3133.308504	0.0	      0.000000	6	3048311	
091	 -0.000000	 50.311111	   3133.229209	   3133.229209	235332	   3133.242069	   3133.216354	0.0	      0.000000	6	3048311	
092	 -0.000000	111.270859	   3133.137072	   3133.137072	268309	   3133.149933	   3133.124217	0.0	      0.000000	6	3048311	
093	 -0.000000	155.655365	   3133.044924	   3133.044924	301290	   3133.057785	   3133.032069	0.0	      0.000000	6	3048311	
094	 -0.000000	 39.160904	   3132.952774	   3132.952774	334272	   3132.965634	   3132.939919	0.0	      0.000000	6	3048311	
095	 -0.000000	235.602264	   3132.676336	   3132.676336	433213	   3132.689196	   3132.663481	0.0	      0.000000	6	3048311	
096	 -0.000000	 67.513039	   3132.584188	   3132.584188	466194	   3132.597048	   3132.571333	0.0	      0.000000	6	3048311	
097	 -0.000000	 97.364113	   3132.492037	   3132.492037	499176	   3132.504898	   3132.479182	0.0	      0.000000	6	3048311	
098	 -0.038266	386.087799	   3132.421883	   3132.421883	524285	   3132.434744	   3132.409028	0.0	      0.000000	6	3048311	
099	 -0.000000	 96.469421	   3132.399886	   3132.399886	532158	   3132.412747	   3132.387031	0.0	      0.000000	6	3048311	
100	 -0.000000	211.901642	   3132.307739	   3132.307739	565139	   3132.320599	   3132.294884	0.0	      0.000000	6	3048311	
101	 -0.000000	 17.535202	   3132.215602	   3132.215602	598116	   3132.228463	   3132.202747	0.0	      0.000000	6	3048311	
102	 -0.000000	 36.575470	   3132.123451	   3132.123451	631098	   3132.136312	   3132.110596	0.0	      0.000000	6	3048311	
103	 -0.000000	 17.756863	   3132.031301	   3132.031301	664080	   3132.044161	   3132.018446	0.0	      0.000000	6	3048311	
104	 -0.000000	 32.435135	   3131.939150	   3131.939150	697062	   3131.952011	   3131.926295	0.0	      0.000000	6	3048311	
105	 -0.000000	 15.769878	   3131.847002	   3131.847002	730043	   3131.859863	   3131.834147	0.0	      0.000000	6	3048311	
106	 -0.000000	5246.839355	   3131.570564	   3131.570564	828984	   3131.583425	   3131.557709	0.0	      0.000000	6	3048311	
107	 -0.000000	 13.147956	   3131.386266	   3131.386266	894947	   3131.399126	   3131.373411	0.0	      0.000000	6	3048311	
108	 -0.000000	 11.066221	   3131.294129	   3131.294129	927924	   3131.306990	   3131.281274	0.0	      0.000000	6	3048311	
109	 -0.000000	2075.775391	   3130.814366	   3130.814366	51062	   3130.827226	   3130.801511	0.0	      0.000000	7	1061088	
110	 -0.000000	 45.341125	   3130.649094	   3130.649094	110215	   3130.661955	   3130.636239	0.0	      0.000000	7	1061088	
111	 -0.000000	 12.398371	   3130.556943	   3130.556943	143197	   3130.569804	   3130.544088	0.0	      0.000000	7	1061088	
112	 -0.000000	 21.256519	   3130.458702	   3130.458702	178359	   3130.471563	   3130.445847	0.0	      0.000000	7	1061088	
113	 -0.000000	 37.774426	   3130.188358	   3130.188358	275119	   3130.201218	   3130.175503	0.0	      0.000000	7	1061088	
114	 -0.000000	 42.582966	   3130.089999	   3130.089999	310323	   3130.102859	   3130.077144	0.0	      0.000000	7	1061088	
115	 -0.000000	2192.239502	   3130.000000	   3130.000000	342535	   3130.012860	   3129.987144	0.0	      0.000000	7	1061088	
116	 -0.000000	15653.125000	   3129.727621	   3129.727621	440023	   3129.740482	   3129.714766	0.0	      0.000000	7	1061088	
117	  0.038266	362.712524	   3129.492179	   3129.492179	524291	   3129.505040	   3129.479324	0.0	      0.000000	7	1061088	
118	 -0.000000	 15.968869	   3129.451186	   3129.451186	538963	   3129.464047	   3129.438331	0.0	      0.000000	7	1061088	
119	 -0.000000	 35.369953	   3129.359035	   3129.359035	571945	   3129.371896	   3129.346180	0.0	      0.000000	7	1061088	
120	 -0.000000	 13.067961	   3129.266888	   3129.266888	604926	   3129.279748	   3129.254032	0.0	      0.000000	7	1061088	
121	 -0.000000	 30.215168	   3128.990450	   3128.990450	703867	   3129.003310	   3128.977595	0.0	      0.000000	7	1061088	
122	 -0.000000	 12.268716	   3128.621850	   3128.621850	835794	   3128.634710	   3128.608995	0.0	      0.000000	7	1061088	
123	 -0.000000	 16.486418	   3128.529713	   3128.529713	868771	   3128.542574	   3128.516858	0.0	      0.000000	7	1061088	
124	 -0.000000	28524.554688	   3127.884678	   3127.884678	51062	   3127.897539	   3127.871823	0.0	      0.000000	8	755950	
125	 -0.000000	 22.266344	   3127.423942	   3127.423942	215966	   3127.436802	   3127.411087	0.0	      0.000000	8	755950	
126	 -0.000000	 13.645390	   3127.239643	   3127.239643	281929	   3127.252504	   3127.226788	0.0	      0.000000	8	755950	
127	 -0.000000	 48.202137	   3127.147507	   3127.147507	314906	   3127.160367	   3127.134652	0.0	      0.000000	8	755950	
128	 -0.000000	 30.303190	   3126.778907	   3126.778907	446833	   3126.791767	   3126.766052	0.0	      0.000000	8	755950	
129	 -0.000000	 19.710459	   3126.686770	   3126.686770	479810	   3126.699631	   3126.673915	0.0	      0.000000	8	755950	
130	 -0.000000	 12.952371	   3126.594622	   3126.594622	512791	   3126.607483	   3126.581767	0.0	      0.000000	8	755950	
131	 -0.009566	364.757294	   3126.562500	   3126.562500	524288	   3126.575361	   3126.549645	0.0	      0.000000	8	755950	
132	 -0.000000	 37.250748	   3126.502472	   3126.502472	545773	   3126.515332	   3126.489617	0.0	      0.000000	8	755950	
133	 -0.000000	 28.378908	   3126.410321	   3126.410321	578755	   3126.423182	   3126.397466	0.0	      0.000000	8	755950	
134	  0.009566	 14.653657	   3126.318170	   3126.318170	611737	   3126.331031	   3126.305315	0.0	      0.000000	8	755950	
135	 -0.000000	 11.366427	   3126.226034	   3126.226034	644714	   3126.238894	   3126.213179	0.0	      0.000000	8	755950	
136	 -0.000000	3464.674805	   3126.041735	   3126.041735	710677	   3126.054596	   3126.028880	0.0	      0.000000	8	755950	
137	 -0.047832	 15.632463	   3125.973434	   3125.973434	735123	   3125.986294	   3125.960579	0.0	      0.000000	8	755950	
138	 -0.000000	 41.099380	   3125.673149	   3125.673149	842599	   3125.686010	   3125.660294	0.0	      0.000000	8	755950	
139	 -0.000000	 18.064867	   3125.580999	   3125.580999	875581	   3125.593859	   3125.568144	0.0	      0.000000	8	755950	
140	 -0.000000	 14.628051	   3125.396700	   3125.396700	941544	   3125.409561	   3125.383845	0.0	      0.000000	8	755950	
141	 -0.000000	 40.984970	   3125.304564	   3125.304564	974521	   3125.317424	   3125.291708	0.0	      0.000000	8	755950	
142	 -0.000000	 32.572487	   3124.935964	   3124.935964	57872	   3124.948824	   3124.923109	0.0	      0.000000	9	593629	
143	 -0.000000	 27.700476	   3124.659529	   3124.659529	156812	   3124.672389	   3124.646674	0.0	      0.000000	9	593629	
144	 -0.000000	4004.263428	   3124.198792	   3124.198792	321716	   3124.211653	   3124.185937	0.0	      0.000000	9	593629	
145	 -0.000000	 11.543754	   3123.738056	   3123.738056	486620	   3123.750916	   3123.725201	0.0	      0.000000	9	593629	
146	 -0.009566	346.646637	   3123.632818	   3123.632818	524286	   3123.645679	   3123.619963	0.0	      0.000000	9	593629	
147	 -0.000000	 51.194931	   3123.461621	   3123.461621	585560	   3123.474481	   3123.448765	0.0	      0.000000	9	593629	
148	 -0.000000	 28.403194	   3123.369470	   3123.369470	618542	   3123.382330	   3123.356615	0.0	      0.000000	9	593629	
149	 -0.000000	 38.201378	   3123.277319	   3123.277319	651524	   3123.290180	   3123.264464	0.0	      0.000000	9	593629	
150	 -0.000000	 68.381439	   3123.093021	   3123.093021	717487	   3123.105881	   3123.080166	0.0	      0.000000	9	593629	
151	  0.009566	 10.529450	   3122.816583	   3122.816583	816428	   3122.829443	   3122.803728	0.0	      0.000000	9	593629	
152	 -0.000000	 26.910425	   3122.724435	   3122.724435	849409	   3122.737296	   3122.711580	0.0	      0.000000	9	593629	
153	  0.009566	 11.256625	   3122.709102	   3122.709102	854897	   3122.721962	   3122.696247	0.0	      0.000000	9	593629	
154	 -0.000000	 10.686469	   3122.632284	   3122.632284	882391	   3122.645145	   3122.619429	0.0	      0.000000	9	593629	
155	 -0.000000	2048.971680	   3122.355849	   3122.355849	981331	   3122.368710	   3122.342994	0.0	      0.000000	9	593629	
156	  0.009566	308.250641	   3122.340309	   3122.340309	986893	   3122.353170	   3122.327454	0.0	      0.000000	9	593629	
157	 -0.000000	 16.605326	   3121.895113	   3121.895113	97659	   3121.907973	   3121.882258	0.0	      0.000000	10	414003	
158	 -0.000000	 39.723263	   3121.610058	   3121.610058	199684	   3121.622919	   3121.597203	0.0	      0.000000	10	414003	
159	 -0.000000	 23.480774	   3121.434376	   3121.434376	262563	   3121.447237	   3121.421521	0.0	      0.000000	10	414003	
160	 -0.000000	 28.985533	   3121.241347	   3121.241347	331651	   3121.254207	   3121.228492	0.0	      0.000000	10	414003	
161	 -0.000000	 19.496687	   3120.973640	   3120.973640	427467	   3120.986500	   3120.960785	0.0	      0.000000	10	414003	
162	 -0.000000	 28.379013	   3120.872649	   3120.872649	463613	   3120.885510	   3120.859794	0.0	      0.000000	10	414003	
163	  0.009566	318.039368	   3120.703119	   3120.703119	524290	   3120.715980	   3120.690264	0.0	      0.000000	10	414003	
164	 -0.000000	1045.620850	   3120.512906	   3120.512906	592370	   3120.525767	   3120.500051	0.0	      0.000000	10	414003	
165	 -0.000000	 14.877372	   3120.135254	   3120.135254	727537	   3120.148114	   3120.122399	0.0	      0.000000	10	414003	
166	 -0.000000	 22.030937	   3120.052170	   3120.052170	757274	   3120.065030	   3120.039315	0.0	      0.000000	10	414003	
167	 -0.000000	 29.119844	   3120.000001	   3120.000001	775946	   3120.012861	   3119.987146	0.0	      0.000000	10	414003	
168	 -0.000000	110.341354	   3119.775732	   3119.775732	856215	   3119.788592	   3119.762877	0.0	      0.000000	10	414003	
169	 -0.000000	 15.264340	   3119.758744	   3119.758744	862295	   3119.771605	   3119.745889	0.0	      0.000000	10	414003	
170	 -0.000000	 20.830776	   3119.683584	   3119.683584	889196	   3119.696444	   3119.670729	0.0	      0.000000	10	414003	
171	 -0.000000	 65.275703	   3119.591433	   3119.591433	922178	   3119.604294	   3119.578578	0.0	      0.000000	10	414003	
172	 -0.000000	 18.216373	   3119.499283	   3119.499283	955160	   3119.512143	   3119.486427	0.0	      0.000000	10	414003	
173	 -0.000000	 50.526211	   3119.426162	   3119.426162	981331	   3119.439022	   3119.413307	0.0	      0.000000	10	414003	
174	 -0.000000	 52.074596	   3119.407135	   3119.407135	988141	   3119.419995	   3119.394280	0.0	      0.000000	10	414003	
175	 -0.000000	 11.532787	   3119.130697	   3119.130697	38506	   3119.143557	   3119.117842	0.0	      0.000000	11	665586	
176	 -0.000000	 17.715696	   3119.038546	   3119.038546	71488	   3119.051407	   3119.025691	0.0	      0.000000	11	665586	
177	 -0.000000	1242.152954	   3118.669960	   3118.669960	203410	   3118.682821	   3118.657105	0.0	      0.000000	11	665586	
178	 -0.000000	411.083191	   3118.652353	   3118.652353	209712	   3118.665213	   3118.639498	0.0	      0.000000	11	665586	
179	  0.009566	 19.273230	   3118.301374	   3118.301374	335332	   3118.314235	   3118.288519	0.0	      0.000000	11	665586	
180	 -0.000000	 15.983627	   3117.922786	   3117.922786	470834	   3117.935647	   3117.909931	0.0	      0.000000	11	665586	
181	 -0.009566	287.093140	   3117.773438	   3117.773438	524288	   3117.786298	   3117.760582	0.0	      0.000000	11	665586	
182	 -0.000000	 10.676194	   3117.554072	   3117.554072	602802	   3117.566933	   3117.541217	0.0	      0.000000	11	665586	
183	 -0.000000	467.348877	   3116.827017	   3116.827017	863025	   3116.839878	   3116.814162	0.0	      0.000000	11	665586	
184	 -0.000000	 11.451286	   3115.905547	   3115.905547	144256	   3115.918408	   3115.892692	0.0	      0.000000	12	83634	
185	 -0.000000	 87.951012	   3114.984074	   3114.984074	474064	   3114.996935	   3114.971219	0.0	      0.000000	12	83634	
186	  0.009566	258.836975	   3114.843744	   3114.843744	524290	   3114.856605	   3114.830889	0.0	      0.000000	12	83634	
187	 -0.000000	 10.399031	   3114.246903	   3114.246903	737908	   3114.259763	   3114.234048	0.0	      0.000000	12	83634	
188	 -0.000000	 12.175501	   3113.878303	   3113.878303	869835	   3113.891163	   3113.865448	0.0	      0.000000	12	83634	
189	 -0.000000	657.151733	   3113.141131	   3113.141131	85103	   3113.153992	   3113.128276	0.0	      0.000000	13	684662	
190	 -0.000000	 20.604111	   3112.761241	   3112.761241	221071	   3112.774102	   3112.748386	0.0	      0.000000	13	684662	
191	 -0.000000	 18.968100	   3112.680395	   3112.680395	250007	   3112.693255	   3112.667540	0.0	      0.000000	13	684662	
192	 -0.000000	 72.906303	   3112.403960	   3112.403960	348947	   3112.416820	   3112.391105	0.0	      0.000000	13	684662	
193	 -0.000000	 31.691845	   3112.311809	   3112.311809	381929	   3112.324670	   3112.298954	0.0	      0.000000	13	684662	
194	 -0.000000	 57.751499	   3112.219658	   3112.219658	414911	   3112.232519	   3112.206803	0.0	      0.000000	13	684662	
195	  0.009566	 22.275846	   3112.127508	   3112.127508	447893	   3112.140368	   3112.114653	0.0	      0.000000	13	684662	
196	 -0.000000	 94.034325	   3112.035360	   3112.035360	480874	   3112.048220	   3112.022505	0.0	      0.000000	13	684662	
197	  0.009566	232.559158	   3111.914062	   3111.914062	524288	   3111.926923	   3111.901207	0.0	      0.000000	13	684662	
198	  0.009566	 10.448435	   3111.851072	   3111.851072	546833	   3111.863933	   3111.838217	0.0	      0.000000	13	684662	
199	 -0.000000	 28.038071	   3111.758925	   3111.758925	579814	   3111.771785	   3111.746070	0.0	      0.000000	13	684662	
200	 -0.000000	115.570885	   3111.666774	   3111.666774	612796	   3111.679635	   3111.653919	0.0	      0.000000	13	684662	
201	 -0.000000	 21.011528	   3111.574623	   3111.574623	645778	   3111.587484	   3111.561768	0.0	      0.000000	13	684662	
202	 -0.000000	995.991577	   3111.298188	   3111.298188	744718	   3111.311049	   3111.285333	0.0	      0.000000	13	684662	
203	 -0.000000	 51.010601	   3110.929602	   3110.929602	876640	   3110.942463	   3110.916747	0.0	      0.000000	13	684662	
204	 -0.000000	 32.982300	   3110.837452	   3110.837452	909622	   3110.850312	   3110.824597	0.0	      0.000000	13	684662	
205	 -0.000000	 15.883163	   3110.549039	   3110.549039	1012849	   3110.561899	   3110.536184	0.0	      0.000000	13	684662	
206	 -0.000000	 11.618860	   3110.180330	   3110.180330	96239	   3110.193191	   3110.167475	0.0	      0.000000	14	327088	
207	 -0.000000	 24.617107	   3109.999999	   3109.999999	160782	   3110.012860	   3109.987144	0.0	      0.000000	14	327088	
208	 -0.000000	 16.412727	   3109.811630	   3109.811630	228202	   3109.824490	   3109.798775	0.0	      0.000000	14	327088	
209	 -0.000000	287.721466	   3109.455245	   3109.455245	355757	   3109.468106	   3109.442390	0.0	      0.000000	14	327088	
210	  0.009566	211.456696	   3108.984369	   3108.984369	524290	   3108.997230	   3108.971514	0.0	      0.000000	14	327088	
211	  0.009566	 64.159340	   3107.612299	   3107.612299	1015373	   3107.625160	   3107.599444	0.0	      0.000000	14	327088	
212	 -0.000000	 14.982484	   3107.599078	   3107.599078	1020105	   3107.611939	   3107.586223	0.0	      0.000000	14	327088	
213	  0.009566	 12.937344	   3107.243714	   3107.243714	98719	   3107.256574	   3107.230859	0.0	      0.000000	15	66073	
214	 -0.000000	 10.354563	   3107.151566	   3107.151566	131700	   3107.164426	   3107.138711	0.0	      0.000000	15	66073	
215	 -0.000000	 22.501507	   3106.875128	   3106.875128	230641	   3106.887988	   3106.862273	0.0	      0.000000	15	66073	
216	 -0.000000	 15.953216	   3106.506531	   3106.506531	362567	   3106.519391	   3106.493676	0.0	      0.000000	15	66073	
217	  0.009566	194.635956	   3106.054682	   3106.054682	524290	   3106.067543	   3106.041827	0.0	      0.000000	15	66073	
218	 -0.000000	 14.958193	   3105.769356	   3105.769356	626412	   3105.782217	   3105.756501	0.0	      0.000000	15	66073	
219	 -0.000000	 53.707581	   3105.755926	   3105.755926	631219	   3105.768786	   3105.743071	0.0	      0.000000	15	66073	
220	 -0.000000	 20.757170	   3105.032185	   3105.032185	890256	   3105.045045	   3105.019330	0.0	      0.000000	15	66073	
221	 -0.000000	 27.137506	   3103.926413	   3103.926413	237451	   3103.939274	   3103.913558	0.0	      0.000000	16	65903	
222	  0.009566	 21.898916	   3103.912041	   3103.912041	242595	   3103.924902	   3103.899186	0.0	      0.000000	16	65903	
223	 -0.047832	148.717377	   3103.125011	   3103.125011	524284	   3103.137872	   3103.112156	0.0	      0.000000	16	65903	
224	 -0.000000	 23.419092	   3102.083470	   3102.083470	897066	   3102.096331	   3102.070615	0.0	      0.000000	16	65903	
225	 -0.000000	 24.199575	   3101.331122	   3101.331122	117766	   3101.343982	   3101.318267	0.0	      0.000000	17	313236	
226	 -0.000000	 23.686386	   3101.146765	   3101.146765	183750	   3101.159625	   3101.133910	0.0	      0.000000	17	313236	
227	 -0.000000	 11.567225	   3100.977699	   3100.977699	244261	   3100.990560	   3100.964844	0.0	      0.000000	17	313236	
228	 -0.000000	 17.044760	   3100.962408	   3100.962408	249734	   3100.975268	   3100.949552	0.0	      0.000000	17	313236	
229	 -0.000000	 17.260775	   3100.685886	   3100.685886	348705	   3100.698746	   3100.673031	0.0	      0.000000	17	313236	
230	 -0.000000	 17.457241	   3100.609113	   3100.609113	376183	   3100.621974	   3100.596258	0.0	      0.000000	17	313236	
231	 -0.000000	 29.839209	   3100.593707	   3100.593707	381697	   3100.606568	   3100.580852	0.0	      0.000000	17	313236	
232	 -0.000000	673.091125	   3100.240527	   3100.240527	508105	   3100.253388	   3100.227672	0.0	      0.000000	17	313236	
233	 -0.000000	546.308533	   3100.225007	   3100.225007	513660	   3100.237867	   3100.212152	0.0	      0.000000	17	313236	
234	  0.047832	161.515167	   3100.195301	   3100.195301	524292	   3100.208162	   3100.182446	0.0	      0.000000	17	313236	
235	 -0.000000	 24.992849	   3100.000000	   3100.000000	594193	   3100.012861	   3099.987145	0.0	      0.000000	17	313236	
236	 -0.000000	 10.048512	   3099.856306	   3099.856306	645623	   3099.869167	   3099.843451	0.0	      0.000000	17	313236	
237	 -0.000000	 12.439086	   3099.487603	   3099.487603	777587	   3099.500464	   3099.474748	0.0	      0.000000	17	313236	
238	 -0.000000	132.920532	   3098.397584	   3098.397584	119144	   3098.410445	   3098.384729	0.0	      0.000000	18	297288	
239	 -0.000000	 10.318228	   3097.291813	   3097.291813	514915	   3097.304673	   3097.278958	0.0	      0.000000	18	297288	
240	  0.038266	147.727859	   3097.265617	   3097.265617	524291	   3097.278477	   3097.252762	0.0	      0.000000	18	297288	
241	 -0.000000	 12.911202	   3096.923227	   3096.923227	646837	   3096.936088	   3096.910372	0.0	      0.000000	18	297288	
242	  0.009566	494.132233	   3096.554638	   3096.554638	778760	   3096.567499	   3096.541783	0.0	      0.000000	18	297288	
243	 -0.000000	125.281586	   3096.537970	   3096.537970	784726	   3096.550830	   3096.525115	0.0	      0.000000	18	297288	
244	 -0.000000	 10.401477	   3096.186055	   3096.186055	910681	   3096.198916	   3096.173200	0.0	      0.000000	18	297288	
245	 -0.000000	 19.922117	   3095.798440	   3095.798440	838	   3095.800781	   3095.785585	0.0	      0.000000	19	322414	
246	 -0.000000	788.066956	   3094.711695	   3094.711695	389799	   3094.724556	   3094.698840	0.0	      0.000000	19	322414	
247	 -0.009566	128.390717	   3094.694909	   3094.694909	395807	   3094.707770	   3094.682054	0.0	      0.000000	19	322414	
248	 -0.038266	140.935013	   3094.335946	   3094.335946	524285	   3094.348807	   3094.323091	0.0	      0.000000	19	322414	
249	 -0.000000	 12.053707	   3093.974524	   3093.974524	653643	   3093.987384	   3093.961669	0.0	      0.000000	19	322414	
250	 -0.000000	 11.889338	   3093.237338	   3093.237338	917492	   3093.250199	   3093.224483	0.0	      0.000000	19	322414	
251	 -0.000000	 19.683813	   3092.868752	   3092.868752	838	   3092.871094	   3092.855897	0.0	      0.000000	20	65894	
252	  0.028699	134.239532	   3091.406244	   3091.406244	524290	   3091.419105	   3091.393389	0.0	      0.000000	20	65894	
253	 -0.000000	 39.259911	   3091.025809	   3091.025809	660453	   3091.038670	   3091.012954	0.0	      0.000000	20	65894	
254	 -0.000000	 77.691750	   3089.182866	   3089.182866	271492	   3089.195727	   3089.170011	0.0	      0.000000	21	65984	
255	  0.019133	129.899994	   3088.476557	   3088.476557	524290	   3088.489418	   3088.463702	0.0	      0.000000	21	65984	
256	 -0.000000	 21.496372	   3087.339923	   3087.339923	931107	   3087.352784	   3087.327068	0.0	      0.000000	21	65984	
257	 -0.000000	 20.118397	   3087.320377	   3087.320377	938103	   3087.333237	   3087.307522	0.0	      0.000000	21	65984	
258	  0.009566	123.087410	   3085.546875	   3085.546875	524288	   3085.559736	   3085.534020	0.0	      0.000000	22	65835	
259	  0.009566	 19.198864	   3083.654035	   3083.654035	153186	   3083.666895	   3083.641179	0.0	      0.000000	23	65931	
260	 -0.000000	 52.102779	   3083.633342	   3083.633342	160592	   3083.646203	   3083.620487	0.0	      0.000000	23	65931	
261	  0.038266	118.960587	   3082.617179	   3082.617179	524291	   3082.630040	   3082.604324	0.0	      0.000000	23	65931	
262	 -0.000000	105.571548	   3080.000000	   3080.000000	412440	   3080.012860	   3079.987145	0.0	      0.000000	24	65963	
263	 -0.047832	117.789742	   3079.687511	   3079.687511	524284	   3079.700372	   3079.674656	0.0	      0.000000	24	65963	
264	 -0.009566	116.033783	   3076.757818	   3076.757818	524286	   3076.770679	   3076.744963	0.0	      0.000000	25	65845	
265	 -0.000000	 21.099756	   3076.282262	   3076.282262	694494	   3076.295123	   3076.269407	0.0	      0.000000	25	65845	
266	 -0.000000	 16.911196	   3076.259268	   3076.259268	702724	   3076.272129	   3076.246413	0.0	      0.000000	25	65845	
267	 -0.000000	 31.687481	   3074.439319	   3074.439319	305533	   3074.452180	   3074.426464	0.0	      0.000000	26	65885	
268	  0.047832	115.871162	   3073.828114	   3073.828114	524292	   3073.840974	   3073.815259	0.0	      0.000000	26	65885	
269	  0.009566	 26.256330	   3072.596374	   3072.596374	965149	   3072.609234	   3072.583519	0.0	      0.000000	26	65885	
270	  0.009566	115.255768	   3070.898432	   3070.898432	524290	   3070.911293	   3070.885577	0.0	      0.000000	27	65838	
271	 -0.000000	 12.612592	   3070.753431	   3070.753431	576188	   3070.766291	   3070.740576	0.0	      0.000000	27	65838	
272	  0.038266	116.847588	   3067.968742	   3067.968742	524291	   3067.981602	   3067.955887	0.0	      0.000000	28	65832	
273	 -0.019133	114.062454	   3065.039065	   3065.039065	524287	   3065.051926	   3065.026210	0.0	      0.000000	29	65832	
274	 -0.009566	111.834785	   3062.109375	   3062.109375	524288	   3062.122236	   3062.096520	0.0	      0.000000	30	65850	
275	 -0.000000	 23.268013	   3061.538715	   3061.538715	728535	   3061.551576	   3061.525860	0.0	      0.000000	30	65850	
276	 -0.000000	 40.521004	   3059.999999	   3059.999999	230687	   3060.012860	   3059.987144	0.0	      0.000000	31	65865	
277	  0.009566	 10.283501	   3059.695770	   3059.695770	339575	   3059.708630	   3059.682915	0.0	      0.000000	31	65865	
278	 -0.047832	110.486023	   3059.179699	   3059.179699	524284	   3059.192559	   3059.166844	0.0	      0.000000	31	65865	
279	 -0.000000	 30.510895	   3056.249997	   3056.249997	524289	   3056.262858	   3056.237142	0.0	      0.000000	32	39535	
280	 -0.000000	 22.380991	   3056.009884	   3056.009884	610229	   3056.022744	   3055.997029	0.0	      0.000000	32	39535	
281	 -0.000000	 19.112379	   3055.000001	   3055.000001	971680	   3055.012862	   3054.987146	0.0	      0.000000	32	39535	
282	 -0.000000	 18.653517	   3054.166941	   3054.166941	221268	   3054.179801	   3054.154086	0.0	      0.000000	33	65844	
283	  0.028699	113.041374	   3053.320304	   3053.320304	524291	   3053.333165	   3053.307449	0.0	      0.000000	33	65844	
284	 -0.000000	 14.550421	   3052.323998	   3052.323998	880883	   3052.336858	   3052.311143	0.0	      0.000000	33	65844	
285	 -0.000000	111.057404	   3050.390628	   3050.390628	524287	   3050.403488	   3050.377773	0.0	      0.000000	34	589819	
286	 -0.000000	52086.863281	   3050.000000	   3050.000000	664098	   3050.012861	   3049.987145	0.0	      0.000000	34	589819	
287	 -0.038266	110.389099	   3047.460946	   3047.460946	524285	   3047.473807	   3047.448091	0.0	      0.000000	35	65832	
288	 -0.038266	106.781868	   3044.531258	   3044.531258	524285	   3044.544119	   3044.518403	0.0	      0.000000	36	65832	
289	  0.047832	110.988319	   3041.601551	   3041.601551	524292	   3041.614412	   3041.588696	0.0	      0.000000	37	65832	
290	  0.009566	109.766449	   3038.671875	   3038.671875	524288	   3038.684736	   3038.659020	0.0	      0.000000	38	65832	
291	  0.019133	110.544136	   3035.742182	   3035.742182	524290	   3035.755043	   3035.729327	0.0	      0.000000	39	65832	
292	 -0.000000	 13.910260	   3033.894562	   3033.894562	137003	   3033.907422	   3033.881707	0.0	      0.000000	40	65838	
293	 -0.038266	113.008652	   3032.812508	   3032.812508	524285	   3032.825369	   3032.799653	0.0	      0.000000	40	65838	
294	 -0.000000	112.158379	   3029.882815	   3029.882815	524287	   3029.895676	   3029.869960	0.0	      0.000000	41	65832	
295	  0.009566	111.054787	   3026.953119	   3026.953119	524290	   3026.965980	   3026.940264	0.0	      0.000000	42	65832	
296	 -0.009566	179.783798	   3025.051324	   3025.051324	156393	   3025.064185	   3025.038469	0.0	      0.000000	43	482939	
297	  0.009566	 11.127940	   3025.019671	   3025.019671	167722	   3025.032532	   3025.006816	0.0	      0.000000	43	482939	
298	 -0.000000	 12.330768	   3024.953292	   3024.953292	191480	   3024.966153	   3024.940437	0.0	      0.000000	43	482939	
299	  0.038266	112.946541	   3024.023429	   3024.023429	524291	   3024.036290	   3024.010574	0.0	      0.000000	43	482939	
300	 -0.047832	116.748985	   3021.093761	   3021.093761	524284	   3021.106622	   3021.080906	0.0	      0.000000	44	65832	
301	  0.047832	115.229263	   3018.164051	   3018.164051	524292	   3018.176912	   3018.151196	0.0	      0.000000	45	65834	
302	  0.038266	116.637268	   3015.234367	   3015.234367	524291	   3015.247227	   3015.221512	0.0	      0.000000	46	65835	
303	 -0.009566	115.942848	   3012.304693	   3012.304693	524286	   3012.317554	   3012.291838	0.0	      0.000000	47	65832	
304	 -0.000000	 12.513359	   3009.999999	   3009.999999	300592	   3010.012860	   3009.987144	0.0	      0.000000	48	65846	
305	 -0.009566	131.209427	   3009.375000	   3009.375000	524288	   3009.387861	   3009.362145	0.0	      0.000000	48	65846	
306	 -0.009566	117.260826	   3006.445312	   3006.445312	524288	   3006.458173	   3006.432457	0.0	      0.000000	49	65832	
307	 -0.009566	117.670517	   3003.515631	   3003.515631	524286	   3003.528491	   3003.502776	0.0	      0.000000	50	65837	
308	 -0.000000	116.984917	   3000.585935	   3000.585935	524289	   3000.598795	   3000.573080	0.0	      0.000000	51	65832	
309	 -0.028699	117.839943	   2997.656256	   2997.656256	524286	   2997.669116	   2997.643401	0.0	      0.000000	52	65833	
310	  0.038266	117.583641	   2994.726554	   2994.726554	524291	   2994.739415	   2994.713699	0.0	      0.000000	53	65834	
311	 -0.000000	 17.085402	   2993.752566	   2993.752566	872895	   2993.765426	   2993.739711	0.0	      0.000000	53	65834	
312	  0.038266	116.512657	   2991.796867	   2991.796867	524291	   2991.809727	   2991.784012	0.0	      0.000000	54	65832	
313	  0.019133	115.069496	   2988.867182	   2988.867182	524290	   2988.880043	   2988.854327	0.0	      0.000000	55	65834	
314	  0.009566	117.822571	   2985.937494	   2985.937494	524290	   2985.950355	   2985.924639	0.0	      0.000000	56	65832	
315	 -0.000000	114.783012	   2983.007815	   2983.007815	524287	   2983.020676	   2982.994960	0.0	      0.000000	57	66399	
316	  0.038266	 20.656622	   2982.028284	   2982.028284	874875	   2982.041144	   2982.015429	0.0	      0.000000	57	66399	
317	 -0.019133	 16.421103	   2981.972681	   2981.972681	894776	   2981.985542	   2981.959826	0.0	      0.000000	57	66399	
318	 -0.009566	116.638969	   2980.078131	   2980.078131	524286	   2980.090991	   2980.065276	0.0	      0.000000	58	65832	
319	 -0.038266	116.395248	   2977.148446	   2977.148446	524285	   2977.161307	   2977.135591	0.0	      0.000000	59	65836	
320	 -0.000000	 14.534005	   2975.001631	   2975.001631	244084	   2975.014492	   2974.988776	0.0	      0.000000	60	65841	
321	  0.009566	115.539474	   2974.218750	   2974.218750	524288	   2974.231611	   2974.205895	0.0	      0.000000	60	65841	
322	 -0.000000	118.201271	   2971.289060	   2971.289060	524289	   2971.301920	   2971.276205	0.0	      0.000000	61	65835	
323	 -0.038266	118.535583	   2968.359383	   2968.359383	524285	   2968.372244	   2968.346528	0.0	      0.000000	62	65832	
324	 -0.009566	118.319565	   2965.429693	   2965.429693	524286	   2965.442554	   2965.416838	0.0	      0.000000	63	65836	
325	 -0.000000	6367.639160	   2962.500176	   2962.500176	524225	   2962.513037	   2962.487321	0.0	      0.000000	64	1195926	
326	 -0.000000	 27.660702	   2950.000001	   2950.000001	803908	   2950.012861	   2949.987146	0.0	      0.000000	68	19	
327	 -0.000000	276.026672	   2939.500306	   2939.500306	367591	   2939.513167	   2939.487451	0.0	      0.000000	72	91826	
328	  0.028699	 25.552670	   2934.028715	   2934.028715	228798	   2934.041575	   2934.015859	0.0	      0.000000	74	863	
329	 -0.019133	 14.540358	   2933.973145	   2933.973145	248687	   2933.986006	   2933.960290	0.0	      0.000000	74	863	
330	 -0.019133	 16.554533	   2885.973610	   2885.973610	651174	   2885.986470	   2885.960755	0.0	      0.000000	90	38	
331	 -0.000000	 17.559391	   2883.335741	   2883.335741	546728	   2883.348601	   2883.322886	0.0	      0.000000	91	12	
332	  0.009566	 20.308683	   2837.501966	   2837.501966	174059	   2837.514827	   2837.489111	0.0	      0.000000	107	56	
333	 -0.009566	 41.407398	   2616.671485	   2616.671485	569167	   2616.684345	   2616.658629	0.0	      0.000000	182	229	
334	 -0.000000	 61.313175	   2610.499694	   2610.499694	680985	   2610.512554	   2610.486839	0.0	      0.000000	184	68	
335	  0.057399	 19.963770	   2500.157487	   2500.157487	328111	   2500.170348	   2500.144632	0.0	      0.000000	222	105306	
336	 -0.000000	810.505554	   2500.000000	   2500.000000	384478	   2500.012860	   2499.987145	0.0	      0.000000	222	105306	
337	  0.210463	 69.964806	   2465.987371	   2465.987371	1023736	   2466.000232	   2465.974516	0.0	      0.000000	233	230217	
338	  0.258295	 14.206520	   2463.057672	   2463.057672	1023740	   2463.070533	   2463.044817	0.0	      0.000000	234	456	
339	  0.363527	 39.433392	   2461.988882	   2461.988882	357699	   2462.001742	   2461.976027	0.0	      0.000000	235	3963	
340	  0.631388	 10.151705	   2451.960127	   2451.960127	801402	   2451.972988	   2451.947272	0.0	      0.000000	238	2	
341	  0.105231	 13.123155	   2442.983777	   2442.983777	868435	   2442.996638	   2442.970922	0.0	      0.000000	241	1387	
342	  0.038266	122.312210	   2441.048356	   2441.048356	512573	   2441.061217	   2441.035501	0.0	      0.000000	242	16736720	
343	  0.028699	2341.072754	   2441.004709	   2441.004709	528195	   2441.017570	   2440.991854	0.0	      0.000000	242	16736720	
344	 -0.353960	627.359680	   2440.991387	   2440.991387	532963	   2441.004248	   2440.978532	0.0	      0.000000	242	16736720	
345	 -0.181763	 18.833614	   2434.977715	   2434.977715	588188	   2434.990576	   2434.964860	0.0	      0.000000	244	3827	
346	  0.019133	 13.976896	   2430.984784	   2430.984784	968738	   2430.997644	   2430.971928	0.0	      0.000000	245	330	
347	  0.650521	 32.134712	   2418.931420	   2418.931420	39925	   2418.944280	   2418.918565	0.0	      0.000000	250	26597	
348	  0.172197	 34.684193	   2418.913642	   2418.913642	46288	   2418.926502	   2418.900787	0.0	      0.000000	250	26597	
349	 -0.000000	 17.185509	   2418.749999	   2418.749999	104858	   2418.762860	   2418.737144	0.0	      0.000000	250	26597	
350	  0.650521	256.476166	   2416.001732	   2416.001732	39925	   2416.014593	   2415.988877	0.0	      0.000000	251	5055572	
351	  0.181763	361.103088	   2415.983951	   2415.983951	46289	   2415.996812	   2415.971096	0.0	      0.000000	251	5055572	
352	  0.009566	 16.660542	   2414.981694	   2414.981694	405011	   2414.994554	   2414.968839	0.0	      0.000000	251	5055572	
353	 -0.009566	 28.232286	   2400.000003	   2400.000003	524287	   2400.012863	   2399.987148	0.0	      0.000000	256	315	
354	 -0.019133	 14.489564	   2350.007228	   2350.007228	591606	   2350.020089	   2349.994373	0.0	      0.000000	273	30	
355	 -0.000000	 25.313299	   2347.265622	   2347.265622	524289	   2347.278483	   2347.252767	0.0	      0.000000	274	19770	
356	 -0.114798	 28.743980	   2344.335949	   2344.335949	524284	   2344.348809	   2344.323094	0.0	      0.000000	275	19770	
357	 -0.220029	 31.633028	   2341.406267	   2341.406267	524282	   2341.419127	   2341.393412	0.0	      0.000000	276	19770	
358	  0.028699	 33.527580	   2338.476562	   2338.476562	524288	   2338.489423	   2338.463707	0.0	      0.000000	277	19897	
359	 -0.000000	 16.588644	   2337.464073	   2337.464073	886672	   2337.476934	   2337.451218	0.0	      0.000000	277	19897	
360	  0.047832	 33.934292	   2335.546869	   2335.546869	524290	   2335.559730	   2335.534014	0.0	      0.000000	278	19782	
361	  0.229596	 33.510338	   2332.617168	   2332.617168	524295	   2332.630029	   2332.604313	0.0	      0.000000	279	19784	
362	 -0.038266	 33.457279	   2329.687500	   2329.687500	524288	   2329.700361	   2329.674645	0.0	      0.000000	280	19772	
363	  0.277428	 34.528652	   2326.757790	   2326.757790	524296	   2326.770651	   2326.744935	0.0	      0.000000	281	19806	
364	 -0.220029	 35.978352	   2323.828142	   2323.828142	524282	   2323.841002	   2323.815287	0.0	      0.000000	282	19840	
365	 -0.401793	 40.528755	   2320.898474	   2320.898474	524275	   2320.911334	   2320.885619	0.0	      0.000000	283	19960	
366	  0.679221	 66.167221	   2264.998648	   2264.998648	608658	   2265.011509	   2264.985793	0.0	      0.000000	302	1641	
367	  0.038266	 18.654615	   2262.521796	   2262.521796	446582	   2262.534656	   2262.508941	0.0	      0.000000	303	7	
368	 -0.172197	 19.654839	   2256.008682	   2256.008682	680564	   2256.021543	   2255.995827	0.0	      0.000000	305	13	
369	 -0.009566	 11.157908	   2252.499791	   2252.499791	887869	   2252.512652	   2252.486936	0.0	      0.000000	306	1	
370	  0.038266	170.607162	   2250.141741	   2250.141741	683272	   2250.154602	   2250.128886	0.0	      0.000000	307	113577	
371	 -1.042747	 38.924534	   2247.451089	   2247.451089	597718	   2247.463950	   2247.438234	0.0	      0.000000	308	53677	
372	-19.697403	 17.586121	   2245.033547	   2245.033547	414414	   2245.046408	   2245.020692	0.0	      0.000000	309	8863148	
373	-30.526669	 28.638931	   2244.968637	   2244.968637	437646	   2244.981498	   2244.955782	0.0	      0.000000	309	8863148	
374	-19.735668	 15.946257	   2244.902479	   2244.902479	461325	   2244.915340	   2244.889624	0.0	      0.000000	309	8863148	
375	 -0.000000	1306.785767	   2242.500628	   2242.500628	272405	   2242.513489	   2242.487773	0.0	      0.000000	310	1922608	
376	  1.348875	488.170654	   2242.485683	   2242.485683	277754	   2242.498544	   2242.472828	0.0	      0.000000	310	1922608	
377	 -0.028699	 34.673618	   2239.548924	   2239.548924	280285	   2239.561785	   2239.536069	0.0	      0.000000	311	509	
378	 -0.000000	 62.108089	   2239.282033	   2239.282033	375809	   2239.294894	   2239.269178	0.0	      0.000000	311	509	
379	  0.009566	 15.185586	   2237.519651	   2237.519651	1006590	   2237.532512	   2237.506796	0.0	      0.000000	311	509	
380	 -0.028699	 89.247765	   2237.500929	   2237.500929	1013291	   2237.513790	   2237.488074	0.0	      0.000000	311	509	
381	 -0.028699	 49.975132	   2235.452934	   2235.452934	697721	   2235.465794	   2235.440079	0.0	      0.000000	312	172	
382	 -0.028699	 11.668727	   2234.571241	   2234.571241	1013291	   2234.584102	   2234.558386	0.0	      0.000000	312	172	
383	 -0.000000	 13.994966	   2233.120423	   2233.120423	483983	   2233.133284	   2233.107568	0.0	      0.000000	313	2	
384	 -0.411359	 25.313248	   2231.447848	   2231.447848	34045	   2231.460709	   2231.434993	0.0	      0.000000	314	42	
385	 -0.420926	191.980942	   2228.518163	   2228.518163	34044	   2228.531024	   2228.505308	0.0	      0.000000	315	71703016	
386	 -0.267862	 14.715986	   2226.636317	   2226.636317	707583	   2226.649178	   2226.623462	0.0	      0.000000	315	71703016	
387	 -0.258295	314.249481	   2226.573816	   2226.573816	729953	   2226.586677	   2226.560961	0.0	      0.000000	315	71703016	
388	 -0.286995	138.231674	   2226.548659	   2226.548659	738957	   2226.561520	   2226.535804	0.0	      0.000000	315	71703016	
389	 -0.392226	 36.354179	   2226.486924	   2226.486924	761053	   2226.499784	   2226.474069	0.0	      0.000000	315	71703016	
390	 -0.296561	 26.613285	   2226.471915	   2226.471915	766425	   2226.484775	   2226.459059	0.0	      0.000000	315	71703016	
391	 -0.373093	 14.630348	   2226.457062	   2226.457062	771741	   2226.469922	   2226.444207	0.0	      0.000000	315	71703016	
392	 -0.363527	159.426682	   2226.411492	   2226.411492	788051	   2226.424353	   2226.398637	0.0	      0.000000	315	71703016	
393	 -0.344394	605.373718	   2226.386503	   2226.386503	796995	   2226.399364	   2226.373648	0.0	      0.000000	315	71703016	
394	 -0.325261	183.318222	   2226.361980	   2226.361980	805772	   2226.374841	   2226.349125	0.0	      0.000000	315	71703016	
395	 -0.784452	 77.572998	   2226.324633	   2226.324633	819139	   2226.337494	   2226.311778	0.0	      0.000000	315	71703016	
396	 -0.621822	 10.427224	   2221.847297	   2221.847297	324488	   2221.860158	   2221.834442	0.0	      0.000000	317	65	
397	 -0.621822	 10.589122	   2221.822722	   2221.822722	333284	   2221.835582	   2221.809866	0.0	      0.000000	317	65	
398	 -0.660088	 11.747295	   2220.537304	   2220.537304	793353	   2220.550164	   2220.524449	0.0	      0.000000	317	65	
399	 -0.660088	 11.652328	   2220.512728	   2220.512728	802149	   2220.525588	   2220.499873	0.0	      0.000000	317	65	
400	 -0.621822	 11.253149	   2220.347297	   2220.347297	861359	   2220.360158	   2220.334442	0.0	      0.000000	317	65	
401	 -0.669654	 11.293746	   2220.322727	   2220.322727	870153	   2220.335587	   2220.309872	0.0	      0.000000	317	65	
402	  0.028699	 43.529152	   2218.889773	   2218.889773	334451	   2218.902634	   2218.876918	0.0	      0.000000	318	608	
403	 -0.640955	 12.172622	   2218.655010	   2218.655010	418476	   2218.667871	   2218.642155	0.0	      0.000000	318	608	
404	 -0.621822	 10.096012	   2218.537298	   2218.537298	460607	   2218.550158	   2218.524443	0.0	      0.000000	318	608	
405	 -0.621822	 10.554356	   2218.402721	   2218.402721	508774	   2218.415581	   2218.389866	0.0	      0.000000	318	608	
406	 -0.621822	 10.072845	   2217.767297	   2217.767297	736201	   2217.780158	   2217.754442	0.0	      0.000000	318	608	
407	 -0.660088	 10.079844	   2217.627302	   2217.627302	786307	   2217.640163	   2217.614447	0.0	      0.000000	318	608	
408	 -0.621822	 10.457321	   2217.567296	   2217.567296	807784	   2217.580157	   2217.554441	0.0	      0.000000	318	608	
409	 -0.621822	 11.494614	   2217.542721	   2217.542721	816580	   2217.555581	   2217.529866	0.0	      0.000000	318	608	
410	 -0.669654	 10.033663	   2217.497302	   2217.497302	832836	   2217.510162	   2217.484447	0.0	      0.000000	318	608	
411	 -0.660088	 10.181117	   2217.472726	   2217.472726	841632	   2217.485587	   2217.459871	0.0	      0.000000	318	608	
412	 -0.650521	 12.293267	   2217.457298	   2217.457298	847154	   2217.470158	   2217.444443	0.0	      0.000000	318	608	
413	 -0.650521	 13.555689	   2217.432722	   2217.432722	855950	   2217.445583	   2217.419867	0.0	      0.000000	318	608	
414	 -0.650521	 14.123915	   2217.315012	   2217.315012	898080	   2217.327873	   2217.302157	0.0	      0.000000	318	608	
415	 -0.621822	 10.360159	   2217.237298	   2217.237298	925895	   2217.250159	   2217.224443	0.0	      0.000000	318	608	
416	 -0.621822	 11.044021	   2217.212719	   2217.212719	934692	   2217.225580	   2217.199864	0.0	      0.000000	318	608	
417	 -0.602689	 11.860595	   2216.607295	   2216.607295	102806	   2216.620155	   2216.594440	0.0	      0.000000	319	699	
418	 -0.640955	 13.292722	   2216.582719	   2216.582719	111602	   2216.595579	   2216.569864	0.0	      0.000000	319	699	
419	 -0.621822	 14.258717	   2216.507296	   2216.507296	138597	   2216.520156	   2216.494441	0.0	      0.000000	319	699	
420	 -0.621822	 13.905584	   2216.482720	   2216.482720	147393	   2216.495581	   2216.469865	0.0	      0.000000	319	699	
421	 -0.621822	 10.014158	   2216.317298	   2216.317298	206600	   2216.330158	   2216.304442	0.0	      0.000000	319	699	
422	 -0.621822	 10.767778	   2216.292719	   2216.292719	215397	   2216.305580	   2216.279864	0.0	      0.000000	319	699	
423	 -0.621822	 20.370880	   2215.647296	   2215.647296	446403	   2215.660156	   2215.634441	0.0	      0.000000	319	699	
424	 -0.621822	 21.272890	   2215.622720	   2215.622720	455199	   2215.635581	   2215.609865	0.0	      0.000000	319	699	
425	 -0.650521	 10.272870	   2215.597298	   2215.597298	464298	   2215.610158	   2215.584443	0.0	      0.000000	319	699	
426	 -0.621822	 21.517574	   2215.457295	   2215.457295	514407	   2215.470155	   2215.444440	0.0	      0.000000	319	699	
427	 -0.621822	 21.738897	   2215.432719	   2215.432719	523203	   2215.445580	   2215.419864	0.0	      0.000000	319	699	
428	 -0.621822	 12.154512	   2215.402720	   2215.402720	533940	   2215.415581	   2215.389865	0.0	      0.000000	319	699	
429	 -0.621822	 10.144317	   2215.227295	   2215.227295	596727	   2215.240156	   2215.214440	0.0	      0.000000	319	699	
430	 -0.621822	 13.076412	   2214.997296	   2214.997296	679047	   2215.010156	   2214.984441	0.0	      0.000000	319	699	
431	 -0.621822	 12.613228	   2214.972720	   2214.972720	687843	   2214.985581	   2214.959865	0.0	      0.000000	319	699	
432	 -0.650521	 10.990194	   2214.865010	   2214.865010	726394	   2214.877870	   2214.852155	0.0	      0.000000	319	699	
433	 -0.640955	 12.927561	   2214.737295	   2214.737295	772105	   2214.750155	   2214.724440	0.0	      0.000000	319	699	
434	 -0.640955	 12.133764	   2214.712719	   2214.712719	780901	   2214.725580	   2214.699864	0.0	      0.000000	319	699	
435	 -0.640955	 13.069324	   2214.477294	   2214.477294	865163	   2214.490154	   2214.464439	0.0	      0.000000	319	699	
436	 -0.650521	 12.843241	   2214.452724	   2214.452724	873957	   2214.465584	   2214.439869	0.0	      0.000000	319	699	
437	 -0.650521	 13.540326	   2214.397300	   2214.397300	893794	   2214.410160	   2214.384445	0.0	      0.000000	319	699	
438	 -0.650521	 13.439030	   2214.372721	   2214.372721	902591	   2214.385582	   2214.359866	0.0	      0.000000	319	699	
439	 -0.621822	 10.498838	   2214.147295	   2214.147295	983274	   2214.160156	   2214.134440	0.0	      0.000000	319	699	
440	 -0.640955	 11.057425	   2213.237295	   2213.237295	260400	   2213.250155	   2213.224440	0.0	      0.000000	320	14	
441	 -0.660088	 10.086316	   2213.212724	   2213.212724	269194	   2213.225585	   2213.199869	0.0	      0.000000	320	14	
442	 -0.000000	 24.108753	   2209.085939	   2209.085939	697652	   2209.098800	   2209.073084	0.0	      0.000000	321	11	
443	  0.038266	 45.625843	   2203.263788	   2203.263788	684329	   2203.276649	   2203.250933	0.0	      0.000000	323	496	
444	 -0.000000	 16.249388	   2197.000213	   2197.000213	828998	   2197.013073	   2196.987358	0.0	      0.000000	325	4	
445	  0.009566	1546.484619	   2196.009273	   2196.009273	135093	   2196.022134	   2195.996418	0.0	      0.000000	326	82126965	
446	  0.009566	1534.902954	   2195.994272	   2195.994272	140462	   2196.007133	   2195.981417	0.0	      0.000000	326	82126965	
447	 -0.000000	3977.578369	   2194.005973	   2194.005973	852102	   2194.018834	   2193.993118	0.0	      0.000000	326	82126965	
448	 -0.000000	3641.826172	   2193.990724	   2193.990724	857560	   2194.003584	   2193.977869	0.0	      0.000000	326	82126965	
449	 -0.000000	 30.036179	   2192.471308	   2192.471308	352804	   2192.484169	   2192.458453	0.0	      0.000000	327	20	
450	  0.009566	 15.309422	   2189.683999	   2189.683999	301845	   2189.696859	   2189.671144	0.0	      0.000000	328	13784831	
451	 -0.000000	 60.556458	   2189.622769	   2189.622769	323760	   2189.635629	   2189.609914	0.0	      0.000000	328	13784831	
452	 -0.000000	340.292236	   2189.561539	   2189.561539	345675	   2189.574400	   2189.548684	0.0	      0.000000	328	13784831	
453	 -0.000000	418951.187500	   2189.500306	   2189.500306	367591	   2189.513167	   2189.487451	0.0	      0.000000	328	13784831	
454	 -0.181763	 10.514152	   2189.461560	   2189.461560	381459	   2189.474420	   2189.448705	0.0	      0.000000	328	13784831	
455	 -0.000000	394.974884	   2189.439077	   2189.439077	389506	   2189.451937	   2189.426222	0.0	      0.000000	328	13784831	
456	 -0.009566	 58.748043	   2189.377847	   2189.377847	411421	   2189.390707	   2189.364992	0.0	      0.000000	328	13784831	
457	 -0.009566	 18.938185	   2189.316614	   2189.316614	433337	   2189.329475	   2189.303759	0.0	      0.000000	328	13784831	
458	 -0.000000	7654.046875	   2188.442806	   2188.442806	746085	   2188.455667	   2188.429951	0.0	      0.000000	328	13784831	
459	 -0.000000	8811.887695	   2188.423307	   2188.423307	753064	   2188.436168	   2188.410452	0.0	      0.000000	328	13784831	
460	 -0.000000	 20.453386	   2188.000306	   2188.000306	904462	   2188.013167	   2187.987451	0.0	      0.000000	328	13784831	
461	 -0.000000	195.962723	   2187.412995	   2187.412995	66093	   2187.425855	   2187.400139	0.0	      0.000000	329	291569	
462	 -0.000000	 35.311325	   2187.356995	   2187.356995	86136	   2187.369856	   2187.344140	0.0	      0.000000	329	291569	
463	 -0.009566	 10.418915	   2187.321995	   2187.321995	98663	   2187.334856	   2187.309140	0.0	      0.000000	329	291569	
464	 -0.057399	 12.694860	   2187.219442	   2187.219442	135368	   2187.232303	   2187.206587	0.0	      0.000000	329	291569	
465	 -0.095665	 14.464668	   2187.201810	   2187.201810	141679	   2187.214670	   2187.188955	0.0	      0.000000	329	291569	
466	 -0.095665	 12.210553	   2187.180059	   2187.180059	149464	   2187.192919	   2187.167204	0.0	      0.000000	329	291569	
467	 -0.028699	 12.137763	   2187.165647	   2187.165647	154622	   2187.178508	   2187.152792	0.0	      0.000000	329	291569	
468	 -0.028699	 13.295649	   2187.121556	   2187.121556	170403	   2187.134416	   2187.108701	0.0	      0.000000	329	291569	
469	 -0.057399	 11.693610	   2187.088637	   2187.088637	182185	   2187.101498	   2187.075782	0.0	      0.000000	329	291569	
470	 -0.047832	 10.171879	   2187.040723	   2187.040723	199334	   2187.053584	   2187.027868	0.0	      0.000000	329	291569	
471	 -0.057399	 14.553355	   2187.019855	   2187.019855	206803	   2187.032716	   2187.007000	0.0	      0.000000	329	291569	
472	 -0.095665	 13.762762	   2187.002223	   2187.002223	213114	   2187.015083	   2186.989368	0.0	      0.000000	329	291569	
473	 -0.095665	 17.143230	   2186.983411	   2186.983411	219847	   2186.996271	   2186.970556	0.0	      0.000000	329	291569	
474	 -0.057399	 11.062265	   2186.954013	   2186.954013	230369	   2186.966873	   2186.941158	0.0	      0.000000	329	291569	
475	 -0.057399	 14.254266	   2186.929616	   2186.929616	239101	   2186.942476	   2186.916761	0.0	      0.000000	329	291569	
476	 -0.057399	 18.353428	   2186.911684	   2186.911684	245519	   2186.924545	   2186.898829	0.0	      0.000000	329	291569	
477	 -0.057399	 13.038376	   2186.895812	   2186.895812	251200	   2186.908672	   2186.882957	0.0	      0.000000	329	291569	
478	 -0.057399	 15.835781	   2186.876410	   2186.876410	258144	   2186.889271	   2186.863555	0.0	      0.000000	329	291569	
479	 -0.047832	 22.791861	   2186.822325	   2186.822325	277502	   2186.835185	   2186.809470	0.0	      0.000000	329	291569	
480	 -0.047832	 18.767441	   2186.766769	   2186.766769	297386	   2186.779630	   2186.753914	0.0	      0.000000	329	291569	
481	 -0.057399	 12.918399	   2186.747958	   2186.747958	304119	   2186.760818	   2186.735103	0.0	      0.000000	329	291569	
482	 -0.057399	 16.028988	   2186.735024	   2186.735024	308748	   2186.747885	   2186.722169	0.0	      0.000000	329	291569	
483	 -0.057399	 14.312632	   2186.719152	   2186.719152	314429	   2186.732012	   2186.706297	0.0	      0.000000	329	291569	
484	 -0.057399	 19.641159	   2186.700340	   2186.700340	321162	   2186.713201	   2186.687485	0.0	      0.000000	329	291569	
485	 -0.047832	 11.818830	   2186.677117	   2186.677117	329474	   2186.689977	   2186.664261	0.0	      0.000000	329	291569	
486	 -0.057399	 11.422279	   2186.662420	   2186.662420	334734	   2186.675281	   2186.649565	0.0	      0.000000	329	291569	
487	 -0.057399	 13.580001	   2186.616566	   2186.616566	351146	   2186.629426	   2186.603711	0.0	      0.000000	329	291569	
488	 -0.047832	 12.886727	   2186.591286	   2186.591286	360194	   2186.604146	   2186.578431	0.0	      0.000000	329	291569	
489	 -0.057399	 13.533542	   2186.546901	   2186.546901	376080	   2186.559762	   2186.534046	0.0	      0.000000	329	291569	
490	 -0.047832	 13.683681	   2186.514566	   2186.514566	387653	   2186.527427	   2186.501711	0.0	      0.000000	329	291569	
491	 -0.000000	7016.050293	   2184.476305	   2184.476305	68599	   2184.489166	   2184.463450	0.0	      0.000000	330	77909390	
492	 -0.000000	4537.716797	   2184.427308	   2184.427308	86136	   2184.440168	   2184.414453	0.0	      0.000000	330	77909390	
493	 -0.000000	3730.414795	   2184.392308	   2184.392308	98663	   2184.405168	   2184.379452	0.0	      0.000000	330	77909390	
494	 -0.000000	3369.470947	   2184.364306	   2184.364306	108685	   2184.377167	   2184.351451	0.0	      0.000000	330	77909390	
495	 -0.000000	3117.189697	   2184.336305	   2184.336305	118707	   2184.349166	   2184.323450	0.0	      0.000000	330	77909390	
496	 -0.000000	3601.879639	   2184.308307	   2184.308307	128728	   2184.321168	   2184.295452	0.0	      0.000000	330	77909390	
497	 -0.000000	2920.385742	   2184.287307	   2184.287307	136244	   2184.300168	   2184.274452	0.0	      0.000000	330	77909390	
498	 -0.000000	2826.079346	   2184.259306	   2184.259306	146266	   2184.272167	   2184.246451	0.0	      0.000000	330	77909390	
499	 -0.000000	2793.749268	   2184.238307	   2184.238307	153782	   2184.251167	   2184.225452	0.0	      0.000000	330	77909390	
500	 -0.000000	2795.656250	   2184.224306	   2184.224306	158793	   2184.237167	   2184.211451	0.0	      0.000000	330	77909390	
501	 -0.000000	3224.781006	   2184.203307	   2184.203307	166309	   2184.216167	   2184.190452	0.0	      0.000000	330	77909390	
502	 -0.000000	3089.969727	   2184.182307	   2184.182307	173825	   2184.195168	   2184.169452	0.0	      0.000000	330	77909390	
503	 -0.000000	2370.727051	   2184.168307	   2184.168307	178836	   2184.181167	   2184.155452	0.0	      0.000000	330	77909390	
504	 -0.000000	3116.704590	   2184.147307	   2184.147307	186352	   2184.160168	   2184.134452	0.0	      0.000000	330	77909390	
505	 -0.000000	2487.817383	   2184.133307	   2184.133307	191363	   2184.146167	   2184.120452	0.0	      0.000000	330	77909390	
506	 -0.000000	2841.773926	   2184.112307	   2184.112307	198879	   2184.125168	   2184.099452	0.0	      0.000000	330	77909390	
507	 -0.000000	3305.046143	   2184.098307	   2184.098307	203890	   2184.111167	   2184.085452	0.0	      0.000000	330	77909390	
508	 -0.000000	2623.324707	   2184.084306	   2184.084306	208901	   2184.097167	   2184.071451	0.0	      0.000000	330	77909390	
509	 -0.000000	2220.981689	   2184.063307	   2184.063307	216417	   2184.076167	   2184.050452	0.0	      0.000000	330	77909390	
510	 -0.000000	2936.712158	   2184.049306	   2184.049306	221428	   2184.062167	   2184.036451	0.0	      0.000000	330	77909390	
511	 -0.000000	3215.821289	   2184.035305	   2184.035305	226439	   2184.048166	   2184.022450	0.0	      0.000000	330	77909390	
512	 -0.000000	3181.334229	   2184.021305	   2184.021305	231450	   2184.034166	   2184.008450	0.0	      0.000000	330	77909390	
513	 -0.000000	3314.355713	   2184.007307	   2184.007307	236460	   2184.020168	   2183.994452	0.0	      0.000000	330	77909390	
514	 -0.000000	3515.509277	   2183.993307	   2183.993307	241471	   2184.006167	   2183.980452	0.0	      0.000000	330	77909390	
515	 -0.000000	3505.466064	   2183.979306	   2183.979306	246482	   2183.992167	   2183.966451	0.0	      0.000000	330	77909390	
516	 -0.000000	3291.802002	   2183.965305	   2183.965305	251493	   2183.978166	   2183.952450	0.0	      0.000000	330	77909390	
517	 -0.000000	2730.783691	   2183.951305	   2183.951305	256504	   2183.964165	   2183.938450	0.0	      0.000000	330	77909390	
518	 -0.000000	2265.542969	   2183.937307	   2183.937307	261514	   2183.950168	   2183.924452	0.0	      0.000000	330	77909390	
519	  0.009566	2408.424805	   2183.916305	   2183.916305	269031	   2183.929165	   2183.903450	0.0	      0.000000	330	77909390	
520	 -0.000000	3311.124268	   2183.902307	   2183.902307	274041	   2183.915168	   2183.889452	0.0	      0.000000	330	77909390	
521	 -0.000000	3283.493164	   2183.888306	   2183.888306	279052	   2183.901167	   2183.875451	0.0	      0.000000	330	77909390	
522	 -0.000000	2496.105225	   2183.867307	   2183.867307	286568	   2183.880168	   2183.854452	0.0	      0.000000	330	77909390	
523	 -0.000000	3595.667725	   2183.853306	   2183.853306	291579	   2183.866167	   2183.840451	0.0	      0.000000	330	77909390	
524	 -0.000000	2403.055664	   2183.832307	   2183.832307	299095	   2183.845168	   2183.819452	0.0	      0.000000	330	77909390	
525	 -0.000000	3553.635498	   2183.818306	   2183.818306	304106	   2183.831167	   2183.805451	0.0	      0.000000	330	77909390	
526	 -0.000000	3260.224365	   2183.797307	   2183.797307	311622	   2183.810168	   2183.784452	0.0	      0.000000	330	77909390	
527	  0.009566	2486.622559	   2183.776305	   2183.776305	319139	   2183.789165	   2183.763450	0.0	      0.000000	330	77909390	
528	 -0.000000	2808.780273	   2183.762307	   2183.762307	324149	   2183.775168	   2183.749452	0.0	      0.000000	330	77909390	
529	 -0.000000	2659.709961	   2183.734306	   2183.734306	334171	   2183.747166	   2183.721451	0.0	      0.000000	330	77909390	
530	 -0.000000	3366.345703	   2183.713306	   2183.713306	341687	   2183.726167	   2183.700451	0.0	      0.000000	330	77909390	
531	 -0.000000	3943.135498	   2183.692307	   2183.692307	349203	   2183.705167	   2183.679452	0.0	      0.000000	330	77909390	
532	 -0.000000	3739.298584	   2183.664306	   2183.664306	359225	   2183.677166	   2183.651451	0.0	      0.000000	330	77909390	
533	 -0.000000	4131.845215	   2183.643306	   2183.643306	366741	   2183.656167	   2183.630451	0.0	      0.000000	330	77909390	
534	 -0.000000	4976.470215	   2183.608306	   2183.608306	379268	   2183.621167	   2183.595451	0.0	      0.000000	330	77909390	
535	 -0.000000	5805.652344	   2183.573306	   2183.573306	391795	   2183.586167	   2183.560451	0.0	      0.000000	330	77909390	
536	 -0.000000	8550.904297	   2183.524306	   2183.524306	409333	   2183.537166	   2183.511451	0.0	      0.000000	330	77909390	
537	 -0.057399	 11.736603	   2182.974752	   2182.974752	606026	   2182.987612	   2182.961897	0.0	      0.000000	330	77909390	
538	 -0.066965	 14.434903	   2182.961818	   2182.961818	610655	   2182.974679	   2182.948963	0.0	      0.000000	330	77909390	
539	 -0.086098	 18.880648	   2182.935072	   2182.935072	620228	   2182.947932	   2182.922217	0.0	      0.000000	330	77909390	
540	 -0.066965	 19.344110	   2182.917140	   2182.917140	626646	   2182.930001	   2182.904285	0.0	      0.000000	330	77909390	
541	 -0.076532	 27.681976	   2182.895389	   2182.895389	634431	   2182.908250	   2182.882534	0.0	      0.000000	330	77909390	
542	 -0.076532	 14.603337	   2182.874225	   2182.874225	642006	   2182.887085	   2182.861370	0.0	      0.000000	330	77909390	
543	 -0.066965	 19.036558	   2182.856000	   2182.856000	648529	   2182.868860	   2182.843145	0.0	      0.000000	330	77909390	
544	 -0.076532	 18.853254	   2182.832779	   2182.832779	656840	   2182.845640	   2182.819924	0.0	      0.000000	330	77909390	
545	 -0.076532	 11.437442	   2182.814261	   2182.814261	663468	   2182.827121	   2182.801406	0.0	      0.000000	330	77909390	
546	 -0.066965	 19.023354	   2182.790744	   2182.790744	671885	   2182.803604	   2182.777889	0.0	      0.000000	330	77909390	
547	 -0.076532	 15.422964	   2182.774578	   2182.774578	677671	   2182.787438	   2182.761723	0.0	      0.000000	330	77909390	
548	 -0.057399	 13.136135	   2182.751354	   2182.751354	685983	   2182.764215	   2182.738499	0.0	      0.000000	330	77909390	
549	 -0.057399	 17.065329	   2182.735482	   2182.735482	691664	   2182.748342	   2182.722627	0.0	      0.000000	330	77909390	
550	 -0.057399	 23.259769	   2182.721079	   2182.721079	696819	   2182.733940	   2182.708224	0.0	      0.000000	330	77909390	
551	 -0.076532	 22.498964	   2182.703443	   2182.703443	703131	   2182.716304	   2182.690588	0.0	      0.000000	330	77909390	
552	 -0.057399	 18.207533	   2182.681690	   2182.681690	710917	   2182.694550	   2182.668835	0.0	      0.000000	330	77909390	
553	 -0.057399	 22.176138	   2182.667287	   2182.667287	716072	   2182.680147	   2182.654432	0.0	      0.000000	330	77909390	
554	 -0.057399	 19.749964	   2182.623195	   2182.623195	731853	   2182.636056	   2182.610340	0.0	      0.000000	330	77909390	
555	 -0.057399	 17.352224	   2182.590274	   2182.590274	743636	   2182.603134	   2182.577419	0.0	      0.000000	330	77909390	
556	 -0.076532	 12.532481	   2182.563820	   2182.563820	753104	   2182.576681	   2182.550965	0.0	      0.000000	330	77909390	
557	 -0.076532	 13.787931	   2182.542363	   2182.542363	760784	   2182.555223	   2182.529508	0.0	      0.000000	330	77909390	
558	 -0.028699	 20.658983	   2182.521489	   2182.521489	768255	   2182.534350	   2182.508634	0.0	      0.000000	330	77909390	
559	 -0.076532	 19.453470	   2182.503856	   2182.503856	774566	   2182.516717	   2182.491001	0.0	      0.000000	330	77909390	
560	 -0.057399	 23.512287	   2182.485042	   2182.485042	781300	   2182.497902	   2182.472187	0.0	      0.000000	330	77909390	
561	 -0.028699	 16.894350	   2182.455646	   2182.455646	791821	   2182.468507	   2182.442791	0.0	      0.000000	330	77909390	
562	 -0.028699	 19.848419	   2182.431250	   2182.431250	800553	   2182.444110	   2182.418394	0.0	      0.000000	330	77909390	
563	 -0.028699	 27.671179	   2182.413318	   2182.413318	806971	   2182.426178	   2182.400463	0.0	      0.000000	330	77909390	
564	 -0.009566	 23.384590	   2182.378038	   2182.378038	819598	   2182.390899	   2182.365183	0.0	      0.000000	330	77909390	
565	 -0.009566	 30.356674	   2182.323953	   2182.323953	838956	   2182.336813	   2182.311098	0.0	      0.000000	330	77909390	
566	 -0.009566	 23.526096	   2182.268398	   2182.268398	858840	   2182.281258	   2182.255542	0.0	      0.000000	330	77909390	
567	 -0.009566	 16.409969	   2182.249586	   2182.249586	865573	   2182.262446	   2182.236731	0.0	      0.000000	330	77909390	
568	 -0.000000	 22.649395	   2182.236650	   2182.236650	870203	   2182.249510	   2182.223795	0.0	      0.000000	330	77909390	
569	 -0.028699	 18.621136	   2182.220786	   2182.220786	875881	   2182.233646	   2182.207930	0.0	      0.000000	330	77909390	
570	 -0.028699	 22.757244	   2182.201974	   2182.201974	882614	   2182.214834	   2182.189119	0.0	      0.000000	330	77909390	
571	 -0.009566	 15.281346	   2182.178745	   2182.178745	890928	   2182.191605	   2182.165890	0.0	      0.000000	330	77909390	
572	 -0.028699	 14.546889	   2182.164054	   2182.164054	896186	   2182.176915	   2182.151199	0.0	      0.000000	330	77909390	
573	 -0.009566	 12.084952	   2182.138769	   2182.138769	905236	   2182.151629	   2182.125914	0.0	      0.000000	330	77909390	
574	 -0.028699	 16.567039	   2182.118199	   2182.118199	912598	   2182.131060	   2182.105344	0.0	      0.000000	330	77909390	
575	 -0.028699	 17.520758	   2182.092920	   2182.092920	921646	   2182.105780	   2182.080065	0.0	      0.000000	330	77909390	
576	 -0.028699	 10.848425	   2182.065583	   2182.065583	931430	   2182.078444	   2182.052728	0.0	      0.000000	330	77909390	
577	 -0.028699	 16.810501	   2182.048535	   2182.048535	937532	   2182.061395	   2182.035680	0.0	      0.000000	330	77909390	
578	 -0.028699	 16.238937	   2182.016200	   2182.016200	949105	   2182.029061	   2182.003345	0.0	      0.000000	330	77909390	
579	 -0.105231	 47.583241	   2181.475193	   2181.475193	94163	   2181.488054	   2181.462338	0.0	      0.000000	331	2677505	
580	 -0.105231	 81.337830	   2181.435510	   2181.435510	108366	   2181.448371	   2181.422655	0.0	      0.000000	331	2677505	
581	 -0.086098	 75.376961	   2181.417578	   2181.417578	114784	   2181.430439	   2181.404723	0.0	      0.000000	331	2677505	
582	 -0.105231	111.544052	   2181.395827	   2181.395827	122569	   2181.408688	   2181.382972	0.0	      0.000000	331	2677505	
583	 -0.086098	 57.466076	   2181.374663	   2181.374663	130144	   2181.387524	   2181.361808	0.0	      0.000000	331	2677505	
584	 -0.086098	 63.549976	   2181.356438	   2181.356438	136667	   2181.369299	   2181.343583	0.0	      0.000000	331	2677505	
585	 -0.105231	 70.769859	   2181.333217	   2181.333217	144978	   2181.346078	   2181.320362	0.0	      0.000000	331	2677505	
586	 -0.105231	 41.207150	   2181.314699	   2181.314699	151606	   2181.327560	   2181.301844	0.0	      0.000000	331	2677505	
587	 -0.105231	 56.954067	   2181.291185	   2181.291185	160022	   2181.304046	   2181.278330	0.0	      0.000000	331	2677505	
588	 -0.105231	 56.255886	   2181.277956	   2181.277956	164757	   2181.290816	   2181.265100	0.0	      0.000000	331	2677505	
589	 -0.105231	 44.078876	   2181.251796	   2181.251796	174120	   2181.264656	   2181.238941	0.0	      0.000000	331	2677505	
590	 -0.105231	 59.575455	   2181.235923	   2181.235923	179801	   2181.248784	   2181.223068	0.0	      0.000000	331	2677505	
591	 -0.105231	 77.200005	   2181.221520	   2181.221520	184956	   2181.234381	   2181.208665	0.0	      0.000000	331	2677505	
592	 -0.105231	 66.315788	   2181.203882	   2181.203882	191269	   2181.216742	   2181.191027	0.0	      0.000000	331	2677505	
593	 -0.105231	 66.876648	   2181.182131	   2181.182131	199054	   2181.194991	   2181.169276	0.0	      0.000000	331	2677505	
594	 -0.105231	 78.554985	   2181.167728	   2181.167728	204209	   2181.180589	   2181.154873	0.0	      0.000000	331	2677505	
595	 -0.105231	 76.878723	   2181.123636	   2181.123636	219990	   2181.136497	   2181.110781	0.0	      0.000000	331	2677505	
596	 -0.105231	 67.600861	   2181.090715	   2181.090715	231773	   2181.103576	   2181.077860	0.0	      0.000000	331	2677505	
597	 -0.105231	 44.519764	   2181.044860	   2181.044860	248185	   2181.057721	   2181.032005	0.0	      0.000000	331	2677505	
598	 -0.105231	 74.715065	   2181.021933	   2181.021933	256391	   2181.034794	   2181.009078	0.0	      0.000000	331	2677505	
599	 -0.105231	 62.717552	   2181.004295	   2181.004295	262704	   2181.017155	   2180.991440	0.0	      0.000000	331	2677505	
600	 -0.105231	 92.336845	   2180.985483	   2180.985483	269437	   2180.998344	   2180.972628	0.0	      0.000000	331	2677505	
601	 -0.105231	 53.988873	   2180.956090	   2180.956090	279957	   2180.968951	   2180.943235	0.0	      0.000000	331	2677505	
602	 -0.105231	 60.047531	   2180.931694	   2180.931694	288689	   2180.944554	   2180.918838	0.0	      0.000000	331	2677505	
603	 -0.105231	 96.967049	   2180.913762	   2180.913762	295107	   2180.926622	   2180.900907	0.0	      0.000000	331	2677505	
604	 -0.105231	 77.766052	   2180.878488	   2180.878488	307732	   2180.891349	   2180.865633	0.0	      0.000000	331	2677505	
605	 -0.105231	 99.413139	   2180.827048	   2180.827048	326143	   2180.839909	   2180.814193	0.0	      0.000000	331	2677505	
606	 -0.105231	 45.394054	   2180.791188	   2180.791188	338978	   2180.804048	   2180.778333	0.0	      0.000000	331	2677505	
607	 -0.105231	 62.807224	   2180.768847	   2180.768847	346974	   2180.781708	   2180.755992	0.0	      0.000000	331	2677505	
608	 -0.105231	 45.242439	   2180.755327	   2180.755327	351813	   2180.768188	   2180.742472	0.0	      0.000000	331	2677505	
609	 -0.076532	 61.317802	   2180.737102	   2180.737102	358336	   2180.749963	   2180.724247	0.0	      0.000000	331	2677505	
610	 -0.076532	 55.769978	   2180.721230	   2180.721230	364017	   2180.734090	   2180.708374	0.0	      0.000000	331	2677505	
611	 -0.076532	 73.135872	   2180.702418	   2180.702418	370750	   2180.715278	   2180.689563	0.0	      0.000000	331	2677505	
612	 -0.105231	 44.717907	   2180.679194	   2180.679194	379062	   2180.692055	   2180.666339	0.0	      0.000000	331	2677505	
613	 -0.105231	 44.981319	   2180.664498	   2180.664498	384322	   2180.677359	   2180.651643	0.0	      0.000000	331	2677505	
614	 -0.105231	 36.907372	   2180.639218	   2180.639218	393370	   2180.652079	   2180.626363	0.0	      0.000000	331	2677505	
615	 -0.105231	 50.106110	   2180.618643	   2180.618643	400734	   2180.631504	   2180.605788	0.0	      0.000000	331	2677505	
616	 -0.105231	 56.985462	   2180.593364	   2180.593364	409782	   2180.606224	   2180.580509	0.0	      0.000000	331	2677505	
617	 -0.105231	 36.959339	   2180.566027	   2180.566027	419566	   2180.578888	   2180.553172	0.0	      0.000000	331	2677505	
618	 -0.105231	 54.800301	   2180.548979	   2180.548979	425668	   2180.561839	   2180.536124	0.0	      0.000000	331	2677505	
619	 -0.105231	 52.583336	   2180.516644	   2180.516644	437241	   2180.529505	   2180.503789	0.0	      0.000000	331	2677505	
620	 -0.105231	 38.184811	   2180.493423	   2180.493423	445552	   2180.506284	   2180.480568	0.0	      0.000000	331	2677505	
621	 -0.000000	 11.007301	   2180.093769	   2180.093769	588594	   2180.106629	   2180.080914	0.0	      0.000000	331	2677505	
622	 -0.000000	 69.970833	   2180.032536	   2180.032536	610510	   2180.045397	   2180.019681	0.0	      0.000000	331	2677505	
623	 -0.000000	2977.168945	   2179.971306	   2179.971306	632425	   2179.984167	   2179.958451	0.0	      0.000000	331	2677505	
624	 -0.009566	 73.620659	   2179.910076	   2179.910076	654340	   2179.922937	   2179.897221	0.0	      0.000000	331	2677505	
625	 -0.009566	 14.190837	   2179.848844	   2179.848844	676256	   2179.861704	   2179.835989	0.0	      0.000000	331	2677505	
626	  0.047832	 13.120531	   2172.011817	   2172.011817	335509	   2172.024678	   2171.998962	0.0	      0.000000	334	23	
627	  0.038266	134.933273	   2156.385835	   2156.385835	685386	   2156.398696	   2156.372980	0.0	      0.000000	339	36026	
628	  0.038266	2860.811035	   2125.133867	   2125.133867	336565	   2125.146728	   2125.121012	0.0	      0.000000	350	912198	
629	  0.038266	168.683212	   2109.507882	   2109.507882	686443	   2109.520742	   2109.495027	0.0	      0.000000	355	124374	
630	 -0.000000	 24.776102	   2100.000001	   2100.000001	943718	   2100.012862	   2099.987146	0.0	      0.000000	358	14	
631	  0.028699	 12.972713	   2093.881899	   2093.881899	1036320	   2093.894760	   2093.869044	0.0	      0.000000	360	14	
632	  0.038266	 18.877853	   2078.255914	   2078.255914	337622	   2078.268774	   2078.243059	0.0	      0.000000	366	62	
633	  0.038266	 23.605204	   2031.377961	   2031.377961	338679	   2031.390821	   2031.365106	0.0	      0.000000	382	6674	
634	 -0.009566	 10.390856	   2031.351046	   2031.351046	348312	   2031.363907	   2031.338191	0.0	      0.000000	382	6674	
635	 -0.000000	 11.225614	   2031.200273	   2031.200273	402276	   2031.213133	   2031.187418	0.0	      0.000000	382	6674	
636	 -0.009566	 12.017410	   2031.049502	   2031.049502	456239	   2031.062362	   2031.036647	0.0	      0.000000	382	6674	
637	 -0.009566	 11.406838	   2030.962517	   2030.962517	487372	   2030.975378	   2030.949662	0.0	      0.000000	382	6674	
638	 -0.009566	 16.256460	   2030.890030	   2030.890030	513316	   2030.902891	   2030.877175	0.0	      0.000000	382	6674	
639	 -0.009566	 13.953841	   2030.779850	   2030.779850	552751	   2030.792711	   2030.766995	0.0	      0.000000	382	6674	
640	 -0.009566	 12.590858	   2030.730559	   2030.730559	570393	   2030.743420	   2030.717704	0.0	      0.000000	382	6674	
641	 -0.009566	 15.466474	   2030.698666	   2030.698666	581808	   2030.711527	   2030.685811	0.0	      0.000000	382	6674	
642	 -0.019133	 25.573071	   2030.605884	   2030.605884	615016	   2030.618745	   2030.593029	0.0	      0.000000	382	6674	
643	 -0.019133	 10.312288	   2030.582688	   2030.582688	623318	   2030.595549	   2030.569833	0.0	      0.000000	382	6674	
644	 -0.009566	 13.053127	   2030.550792	   2030.550792	634734	   2030.563653	   2030.537937	0.0	      0.000000	382	6674	
645	 -0.000000	 10.042920	   2030.521797	   2030.521797	645112	   2030.534657	   2030.508942	0.0	      0.000000	382	6674	
646	 -0.019133	 10.030073	   2030.460910	   2030.460910	666904	   2030.473771	   2030.448055	0.0	      0.000000	382	6674	
647	 -0.009566	 11.409192	   2030.443512	   2030.443512	673131	   2030.456373	   2030.430657	0.0	      0.000000	382	6674	
648	 -0.019133	 25.712111	   2030.423217	   2030.423217	680395	   2030.436078	   2030.410362	0.0	      0.000000	382	6674	
649	 -0.038266	 13.880914	   2030.408722	   2030.408722	685583	   2030.421583	   2030.395867	0.0	      0.000000	382	6674	
650	 -0.000000	 19.175020	   2030.365225	   2030.365225	701151	   2030.378086	   2030.352370	0.0	      0.000000	382	6674	
651	 -0.019133	 10.334697	   2030.336232	   2030.336232	711528	   2030.349093	   2030.323377	0.0	      0.000000	382	6674	
652	 -0.009566	 13.854568	   2030.321735	   2030.321735	716717	   2030.334595	   2030.308880	0.0	      0.000000	382	6674	
653	 -0.009566	 11.242200	   2030.298539	   2030.298539	725019	   2030.311400	   2030.285684	0.0	      0.000000	382	6674	
654	 -0.009566	 17.236675	   2030.284041	   2030.284041	730208	   2030.296902	   2030.271186	0.0	      0.000000	382	6674	
655	 -0.000000	 11.755610	   2030.231850	   2030.231850	748888	   2030.244710	   2030.218995	0.0	      0.000000	382	6674	
656	 -0.019133	 16.492237	   2030.217355	   2030.217355	754076	   2030.230215	   2030.204500	0.0	      0.000000	382	6674	
657	 -0.019133	 16.486931	   2030.179661	   2030.179661	767567	   2030.192522	   2030.166806	0.0	      0.000000	382	6674	
658	 -0.000000	 14.828400	   2030.159363	   2030.159363	774832	   2030.172224	   2030.146508	0.0	      0.000000	382	6674	
659	 -0.019133	 11.448791	   2030.144868	   2030.144868	780020	   2030.157729	   2030.132013	0.0	      0.000000	382	6674	
660	 -0.019133	 30.370182	   2030.121673	   2030.121673	788322	   2030.134533	   2030.108817	0.0	      0.000000	382	6674	
661	 -0.000000	 11.198415	   2030.098474	   2030.098474	796625	   2030.111335	   2030.085619	0.0	      0.000000	382	6674	
662	 -0.019133	 18.690178	   2030.046286	   2030.046286	815304	   2030.059146	   2030.033431	0.0	      0.000000	382	6674	
663	 -0.019133	 16.269651	   2030.020190	   2030.020190	824644	   2030.033051	   2030.007335	0.0	      0.000000	382	6674	
664	 -0.009566	 16.810291	   2029.979596	   2029.979596	839173	   2029.992457	   2029.966741	0.0	      0.000000	382	6674	
665	 -0.000000	 16.207006	   2029.953501	   2029.953501	848513	   2029.966361	   2029.940646	0.0	      0.000000	382	6674	
666	 -0.019133	 11.977631	   2029.901312	   2029.901312	867192	   2029.914173	   2029.888457	0.0	      0.000000	382	6674	
667	 -0.019133	 28.339022	   2029.878117	   2029.878117	875494	   2029.890977	   2029.865262	0.0	      0.000000	382	6674	
668	 -0.019133	 13.492307	   2029.840423	   2029.840423	888985	   2029.853284	   2029.827568	0.0	      0.000000	382	6674	
669	 -0.019133	 12.024370	   2029.820128	   2029.820128	896249	   2029.832989	   2029.807273	0.0	      0.000000	382	6674	
670	 -0.019133	 11.226855	   2029.782435	   2029.782435	909740	   2029.795295	   2029.769580	0.0	      0.000000	382	6674	
671	 -0.009566	 13.306889	   2029.715745	   2029.715745	933609	   2029.728606	   2029.702890	0.0	      0.000000	382	6674	
672	 -0.009566	 10.239708	   2029.678052	   2029.678052	947100	   2029.690913	   2029.665197	0.0	      0.000000	382	6674	
673	 -0.019133	 12.374123	   2029.634561	   2029.634561	962666	   2029.647422	   2029.621706	0.0	      0.000000	382	6674	
674	 -0.019133	 10.359719	   2029.576572	   2029.576572	983421	   2029.589433	   2029.563717	0.0	      0.000000	382	6674	
675	 -0.009566	 13.936505	   2029.219936	   2029.219936	62490	   2029.232797	   2029.207081	0.0	      0.000000	383	43	
676	 -0.009566	 19.580339	   2029.109756	   2029.109756	101925	   2029.122617	   2029.096901	0.0	      0.000000	383	43	
677	 -0.000000	 11.382843	   2029.080760	   2029.080760	112303	   2029.093621	   2029.067905	0.0	      0.000000	383	43	
678	 -0.009566	 13.334442	   2029.037269	   2029.037269	127869	   2029.050130	   2029.024414	0.0	      0.000000	383	43	
679	 -0.009566	 11.508866	   2028.950285	   2028.950285	159002	   2028.963145	   2028.937430	0.0	      0.000000	383	43	
680	 -0.009566	 11.145846	   2028.857503	   2028.857503	192210	   2028.870363	   2028.844648	0.0	      0.000000	383	43	
681	 -0.019133	 12.282425	   2028.799514	   2028.799514	212965	   2028.812375	   2028.786659	0.0	      0.000000	383	43	
682	 -0.019133	 10.023760	   2028.753123	   2028.753123	229569	   2028.765984	   2028.740268	0.0	      0.000000	383	43	
683	  0.028699	 27.552530	   2015.751978	   2015.751978	688556	   2015.764839	   2015.739123	0.0	      0.000000	387	156	
684	 -0.000000	 12.686803	   2002.929686	   2002.929686	34953	   2002.942547	   2002.916831	0.0	      0.000000	392	268	
685	  0.028699	 49.803371	   2000.125993	   2000.125993	1038434	   2000.138853	   2000.113138	0.0	      0.000000	392	268	
686	 -0.000000	 94.086441	   1999.999999	   1999.999999	34953	   2000.012859	   1999.987144	0.0	      0.000000	393	287	
687	 -0.019133	 20.099827	   1998.608307	   1998.608307	533059	   1998.621167	   1998.595452	0.0	      0.000000	393	287	
688	  0.028699	 27.527349	   1997.196305	   1997.196305	1038434	   1997.209166	   1997.183450	0.0	      0.000000	393	287	
689	  0.076532	 10.605004	   1957.461231	   1957.461231	580107	   1957.474092	   1957.448376	0.0	      0.000000	407	2	
690	 -0.000000	 11.361684	   1949.621601	   1949.621601	240292	   1949.634461	   1949.608746	0.0	      0.000000	410	2	
691	 -0.000000	 14.055902	   1937.466212	   1937.466212	396571	   1937.479073	   1937.453357	0.0	      0.000000	414	2	
692	 -0.038266	 12.951100	   1928.979211	   1928.979211	288459	   1928.992072	   1928.966356	0.0	      0.000000	417	21386876	
693	  0.047832	 11.768632	   1928.923175	   1928.923175	308515	   1928.936036	   1928.910320	0.0	      0.000000	417	21386876	
694	 -0.009566	 17.338915	   1928.867620	   1928.867620	328399	   1928.880481	   1928.854765	0.0	      0.000000	417	21386876	
695	  0.076532	 12.901260	   1928.737371	   1928.737371	375017	   1928.750231	   1928.724516	0.0	      0.000000	417	21386876	
696	 -0.038266	 13.728602	   1928.681427	   1928.681427	395040	   1928.694288	   1928.668572	0.0	      0.000000	417	21386876	
697	  0.028699	 12.903012	   1928.662976	   1928.662976	401644	   1928.675837	   1928.650121	0.0	      0.000000	417	21386876	
698	  5.538998	 21.914591	   1928.624673	   1928.624673	415353	   1928.637534	   1928.611818	0.0	      0.000000	417	21386876	
699	  0.028699	 17.131857	   1928.607376	   1928.607376	421544	   1928.620237	   1928.594521	0.0	      0.000000	417	21386876	
700	 -0.038266	 11.964308	   1928.588215	   1928.588215	428402	   1928.601076	   1928.575360	0.0	      0.000000	417	21386876	
701	  5.538998	 23.260954	   1928.550874	   1928.550874	441767	   1928.563734	   1928.538018	0.0	      0.000000	417	21386876	
702	  5.538998	 15.744093	   1928.522573	   1928.522573	451896	   1928.535434	   1928.509718	0.0	      0.000000	417	21386876	
703	  5.538998	 12.829449	   1928.494874	   1928.494874	461810	   1928.507735	   1928.482019	0.0	      0.000000	417	21386876	
704	  5.538998	 67.813988	   1928.446374	   1928.446374	479169	   1928.459234	   1928.433518	0.0	      0.000000	417	21386876	
705	  5.538998	 31.927725	   1928.400874	   1928.400874	495454	   1928.413734	   1928.388019	0.0	      0.000000	417	21386876	
706	  5.538998	 19.544266	   1928.292574	   1928.292574	534216	   1928.305435	   1928.279719	0.0	      0.000000	417	21386876	
707	  0.066965	 19.191246	   1928.272974	   1928.272974	541231	   1928.285835	   1928.260119	0.0	      0.000000	417	21386876	
708	  5.538998	 12.312822	   1928.254274	   1928.254274	547924	   1928.267135	   1928.241419	0.0	      0.000000	417	21386876	
709	  5.538998	 10.553834	   1928.222174	   1928.222174	559413	   1928.235035	   1928.209319	0.0	      0.000000	417	21386876	
710	  5.538998	 21.313198	   1928.183375	   1928.183375	573300	   1928.196235	   1928.170520	0.0	      0.000000	417	21386876	
711	  5.538998	 17.386324	   1928.115775	   1928.115775	597495	   1928.128635	   1928.102919	0.0	      0.000000	417	21386876	
712	  5.538998	 15.743095	   1928.076075	   1928.076075	611704	   1928.088936	   1928.063220	0.0	      0.000000	417	21386876	
713	  5.538998	 13.649635	   1928.055375	   1928.055375	619113	   1928.068235	   1928.042519	0.0	      0.000000	417	21386876	
714	  5.538998	 17.550983	   1928.013174	   1928.013174	634217	   1928.026035	   1928.000319	0.0	      0.000000	417	21386876	
715	  5.538998	 15.463484	   1927.957175	   1927.957175	654260	   1927.970036	   1927.944320	0.0	      0.000000	417	21386876	
716	 -0.028699	 11.474294	   1927.920024	   1927.920024	667557	   1927.932884	   1927.907168	0.0	      0.000000	417	21386876	
717	  5.481599	 62.527905	   1926.721476	   1926.721476	47958	   1926.734336	   1926.708621	0.0	      0.000000	418	114585084	
718	  5.481599	 36.599876	   1926.667376	   1926.667376	67321	   1926.680237	   1926.654521	0.0	      0.000000	418	114585084	
719	  5.481599	 17.088236	   1926.643876	   1926.643876	75732	   1926.656737	   1926.631021	0.0	      0.000000	418	114585084	
720	  5.481599	 17.580793	   1926.620376	   1926.620376	84143	   1926.633237	   1926.607521	0.0	      0.000000	418	114585084	
721	  5.481599	 21.771051	   1926.526976	   1926.526976	117572	   1926.539837	   1926.514121	0.0	      0.000000	418	114585084	
722	  5.481599	 14.163530	   1926.476677	   1926.476677	135575	   1926.489537	   1926.463822	0.0	      0.000000	418	114585084	
723	  5.481599	 15.414614	   1926.452676	   1926.452676	144165	   1926.465537	   1926.439821	0.0	      0.000000	418	114585084	
724	-21.907261	 12.124997	   1926.418378	   1926.418378	156441	   1926.431238	   1926.405523	0.0	      0.000000	418	114585084	
725	  5.481599	 79.668549	   1926.387976	   1926.387976	167322	   1926.400837	   1926.375121	0.0	      0.000000	418	114585084	
726	  5.481599	 38.410679	   1926.349677	   1926.349677	181030	   1926.362537	   1926.336822	0.0	      0.000000	418	114585084	
727	 -5.519865	 15.890159	   1925.183050	   1925.183050	598582	   1925.195911	   1925.170195	0.0	      0.000000	418	114585084	
728	-21.935961	 20.419012	   1925.059350	   1925.059350	642856	   1925.072210	   1925.046495	0.0	      0.000000	418	114585084	
729	-21.935961	 54.487026	   1925.001749	   1925.001749	663472	   1925.014610	   1924.988894	0.0	      0.000000	418	114585084	
730	  5.510298	 15.621172	   1924.941637	   1924.941637	684987	   1924.954498	   1924.928782	0.0	      0.000000	418	114585084	
731	 -5.500731	 17.116770	   1924.711750	   1924.711750	767267	   1924.724610	   1924.698894	0.0	      0.000000	418	114585084	
732	  5.510298	 19.051529	   1924.678538	   1924.678538	779154	   1924.691398	   1924.665683	0.0	      0.000000	418	114585084	
733	  5.510298	 18.589573	   1924.662738	   1924.662738	784809	   1924.675598	   1924.649883	0.0	      0.000000	418	114585084	
734	  5.452899	 15.584710	   1924.641649	   1924.641649	792357	   1924.654509	   1924.628794	0.0	      0.000000	418	114585084	
735	 -5.500731	 35.893520	   1923.267819	   1923.267819	235494	   1923.280679	   1923.254964	0.0	      0.000000	419	62932521	
736	-10.838833	 10.684379	   1922.947845	   1922.947845	350017	   1922.960706	   1922.934990	0.0	      0.000000	419	62932521	
737	 -5.500731	 11.139565	   1922.933719	   1922.933719	355073	   1922.946579	   1922.920864	0.0	      0.000000	419	62932521	
738	 -5.366801	 13.059903	   1922.105358	   1922.105358	651555	   1922.118218	   1922.092503	0.0	      0.000000	419	62932521	
739	 -5.366801	 13.626895	   1921.830359	   1921.830359	749981	   1921.843219	   1921.817503	0.0	      0.000000	419	62932521	
740	  5.519865	 15.665270	   1921.766150	   1921.766150	772962	   1921.779011	   1921.753295	0.0	      0.000000	419	62932521	
741	  5.519865	 18.620508	   1921.738851	   1921.738851	782733	   1921.751711	   1921.725995	0.0	      0.000000	419	62932521	
742	 -5.366801	 23.842260	   1921.709159	   1921.709159	793360	   1921.722020	   1921.696304	0.0	      0.000000	419	62932521	
743	  5.519865	 20.048958	   1921.645851	   1921.645851	816019	   1921.658711	   1921.632995	0.0	      0.000000	419	62932521	
744	  0.047832	 21.235535	   1921.626449	   1921.626449	822963	   1921.639310	   1921.613594	0.0	      0.000000	419	62932521	
745	  0.047832	 44.188698	   1921.592950	   1921.592950	834953	   1921.605810	   1921.580094	0.0	      0.000000	419	62932521	
746	  5.519865	130.432404	   1921.533251	   1921.533251	856320	   1921.546111	   1921.520396	0.0	      0.000000	419	62932521	
747	 -5.366801	 42.131229	   1921.485359	   1921.485359	873461	   1921.498220	   1921.472504	0.0	      0.000000	419	62932521	
748	 -5.366801	 55.043144	   1921.458060	   1921.458060	883232	   1921.470920	   1921.445205	0.0	      0.000000	419	62932521	
749	 -5.366801	 19.173779	   1921.424060	   1921.424060	895401	   1921.436920	   1921.411205	0.0	      0.000000	419	62932521	
750	 -5.366801	 10.673682	   1921.380359	   1921.380359	911042	   1921.393220	   1921.367504	0.0	      0.000000	419	62932521	
751	  5.519865	 26.141289	   1921.349352	   1921.349352	922140	   1921.362212	   1921.336497	0.0	      0.000000	419	62932521	
752	  5.519865	 24.479891	   1921.286552	   1921.286552	944617	   1921.299412	   1921.273697	0.0	      0.000000	419	62932521	
753	 -5.366801	 69.136116	   1921.218460	   1921.218460	968988	   1921.231321	   1921.205605	0.0	      0.000000	419	62932521	
754	 -5.366801	 61.210220	   1921.201660	   1921.201660	975001	   1921.214521	   1921.188805	0.0	      0.000000	419	62932521	
755	 -5.366801	 42.750244	   1921.182560	   1921.182560	981837	   1921.195421	   1921.169705	0.0	      0.000000	419	62932521	
756	 -0.000000	 58.669250	   1899.999999	   1899.999999	174763	   1900.012860	   1899.987144	0.0	      0.000000	427	81	
757	  0.076532	 13.995040	   1891.106613	   1891.106613	212102	   1891.119473	   1891.093758	0.0	      0.000000	430	4	
758	 -0.019133	103.622787	   1875.121153	   1875.121153	690641	   1875.134013	   1875.108298	0.0	      0.000000	435	7425	
759	  0.028699	 22.055941	   1874.947100	   1874.947100	752937	   1874.959960	   1874.934245	0.0	      0.000000	435	7425	
760	 -0.000000	 87.923645	   1860.499694	   1860.499694	680985	   1860.512554	   1860.486839	0.0	      0.000000	440	6897	
761	 -0.000000	 14.309283	   1849.999999	   1849.999999	244668	   1850.012860	   1849.987144	0.0	      0.000000	444	2	
762	  0.009566	 11.443472	   1846.289060	   1846.289060	524289	   1846.301920	   1846.276205	0.0	      0.000000	445	10274	
763	 -0.000000	 11.002117	   1843.359378	   1843.359378	524287	   1843.372238	   1843.346523	0.0	      0.000000	446	13436	
764	 -0.000000	 15.966877	   1840.429690	   1840.429690	524287	   1840.442551	   1840.416835	0.0	      0.000000	447	19770	
765	 -1.157545	 21.987783	   1837.533961	   1837.533961	512133	   1837.546821	   1837.521106	0.0	      0.000000	448	19253	
766	 -0.000000	205.753616	   1830.937501	   1830.937501	775946	   1830.950361	   1830.924646	0.0	      0.000000	450	105204	
767	  0.057399	 44.806744	   1824.751997	   1824.751997	892672	   1824.764858	   1824.739142	0.0	      0.000000	452	73	
768	 -0.000000	886.629211	   1799.999999	   1799.999999	314573	   1800.012860	   1799.987144	0.0	      0.000000	461	105223	
769	 -0.000000	 14.381660	   1790.000001	   1790.000001	747984	   1790.012861	   1789.987146	0.0	      0.000000	464	2	
770	 -0.000000	 27.255249	   1779.999999	   1779.999999	132820	   1780.012860	   1779.987144	0.0	      0.000000	468	16	
771	  0.114798	 11.321146	   1775.027530	   1775.027530	863960	   1775.040391	   1775.014675	0.0	      0.000000	469	72255	
772	  0.631388	 14.642763	   1774.983419	   1774.983419	879748	   1774.996279	   1774.970564	0.0	      0.000000	469	72255	
773	  1.109713	 42.781078	   1774.968309	   1774.968309	885156	   1774.981170	   1774.955454	0.0	      0.000000	469	72255	
774	 -0.449625	 19.063850	   1774.950045	   1774.950045	891693	   1774.962905	   1774.937190	0.0	      0.000000	469	72255	
775	  0.918383	 22.362463	   1773.977744	   1773.977744	191117	   1773.990605	   1773.964889	0.0	      0.000000	470	21527	
776	 -0.000000	117.004700	   1770.000000	   1770.000000	566231	   1770.012861	   1769.987145	0.0	      0.000000	471	128	
777	 -0.000000	117.380600	   1760.000001	   1760.000001	999642	   1760.012862	   1759.987146	0.0	      0.000000	474	488	
778	  0.057399	 14.647467	   1758.397379	   1758.397379	524667	   1758.410239	   1758.384524	0.0	      0.000000	475	3	
779	 -0.000000	270.768341	   1750.000000	   1750.000000	384478	   1750.012860	   1749.987145	0.0	      0.000000	478	749581	
780	  0.038266	251.586334	   1749.985544	   1749.985544	389652	   1749.998404	   1749.972689	0.0	      0.000000	478	749581	
781	 -0.000000	118.181709	   1740.000001	   1740.000001	817889	   1740.012861	   1739.987146	0.0	      0.000000	481	183	
782	 -0.047832	 37.324791	   1733.987153	   1733.987153	872819	   1734.000014	   1733.974298	0.0	      0.000000	483	441	
783	 -0.000000	 50.802975	   1729.999999	   1729.999999	202725	   1730.012860	   1729.987144	0.0	      0.000000	485	33	
784	 -0.000000	 36.144367	   1720.000000	   1720.000000	636136	   1720.012861	   1719.987145	0.0	      0.000000	488	8	
785	 -0.028699	 62.981709	   1712.512569	   1712.512569	170264	   1712.525430	   1712.499714	0.0	      0.000000	491	166077	
786	 -0.363527	 58.628544	   1712.482478	   1712.482478	181034	   1712.495339	   1712.469623	0.0	      0.000000	491	166077	
787	 -0.000000	163.457062	   1700.000000	   1700.000000	454383	   1700.012860	   1699.987145	0.0	      0.000000	495	79996	
788	 -0.000000	149.158173	   1691.004712	   1691.004712	528194	   1691.017572	   1690.991857	0.0	      0.000000	498	613744	
789	 -0.009566	 11.318151	   1683.346580	   1683.346580	123418	   1683.359441	   1683.333725	0.0	      0.000000	501	4236	
790	 -0.000000	 71.330086	   1683.319487	   1683.319487	133115	   1683.332348	   1683.306632	0.0	      0.000000	501	4236	
791	  0.813152	 10.697927	   1681.251518	   1681.251518	873270	   1681.264379	   1681.238663	0.0	      0.000000	501	4236	
792	  0.038266	 30.930107	   1662.013282	   1662.013282	418871	   1662.026142	   1662.000427	0.0	      0.000000	508	1449	
793	 -0.066965	 36.601933	   1661.962568	   1661.962568	437022	   1661.975429	   1661.949713	0.0	      0.000000	508	1449	
