# -------------------------- o --------------------------
# File ID: spliced_blc0x1x2x_guppi_59524_16528_OFF_HD13908_0031.rawspec.0000.h5 
# -------------------------- o --------------------------
# Source:OFF_HD13908
# MJD: 59524.191296296296	RA: 2h18m14.664s	DEC: 65d35m36.6s
# DELTAT:  18.253611	DELTAF(Hz):  -2.793968	max_drift_rate:  31.515000	obs_length: 292.057776
# --------------------------
# Top_Hit_# 	Drift_Rate 	SNR 	Uncorrected_Frequency 	Corrected_Frequency 	Index 	freq_start 	freq_end 	SEFD 	SEFD_freq 	Coarse_Channel_Number 	Full_number_of_hits 	
# --------------------------
001	 -0.047832	366.038696	   3150.900373	   3150.900373	202032	   3150.913233	   3150.887518	0.0	      0.000000	0	71226207	
002	 -0.019133	3138.960693	   3150.600248	   3150.600248	309451	   3150.613108	   3150.587393	0.0	      0.000000	0	71226207	
003	 -0.038266	314.850555	   3150.488151	   3150.488151	349572	   3150.501011	   3150.475296	0.0	      0.000000	0	71226207	
004	 -0.009566	240907.343750	   3150.300122	   3150.300122	416870	   3150.312983	   3150.287267	0.0	      0.000000	0	71226207	
005	 -0.057399	661.882507	   3150.244081	   3150.244081	436928	   3150.256942	   3150.231226	0.0	      0.000000	0	71226207	
006	 -0.191330	 24.455801	   3150.188045	   3150.188045	456984	   3150.200906	   3150.175190	0.0	      0.000000	0	71226207	
007	  0.105231	 18.671825	   3150.168149	   3150.168149	464105	   3150.181010	   3150.155294	0.0	      0.000000	0	71226207	
008	 -0.248729	 29.032917	   3150.132012	   3150.132012	477039	   3150.144873	   3150.119157	0.0	      0.000000	0	71226207	
009	 -0.019133	 41.015160	   3150.112108	   3150.112108	484163	   3150.124969	   3150.099253	0.0	      0.000000	0	71226207	
010	 -0.000000	207.611862	   3150.091553	   3150.091553	491520	   3150.104413	   3150.078698	0.0	      0.000000	0	71226207	
011	 -0.000000	 66.419044	   3150.042669	   3150.042669	509016	   3150.055530	   3150.029814	0.0	      0.000000	0	71226207	
012	 -0.000000	 60.161335	   3150.021664	   3150.021664	516534	   3150.034525	   3150.008809	0.0	      0.000000	0	71226207	
013	  0.009566	97097.109375	   3149.999997	   3149.999997	524289	   3150.012858	   3149.987142	0.0	      0.000000	0	71226207	
014	 -0.000000	 60.161339	   3149.978336	   3149.978336	532042	   3149.991196	   3149.965481	0.0	      0.000000	0	71226207	
015	 -0.000000	 66.419052	   3149.957331	   3149.957331	539560	   3149.970191	   3149.944475	0.0	      0.000000	0	71226207	
016	 -0.000000	207.611862	   3149.908447	   3149.908447	557056	   3149.921308	   3149.895592	0.0	      0.000000	0	71226207	
017	  0.019133	 41.015171	   3149.887892	   3149.887892	564413	   3149.900753	   3149.875037	0.0	      0.000000	0	71226207	
018	  0.248729	 29.032921	   3149.867988	   3149.867988	571537	   3149.880848	   3149.855133	0.0	      0.000000	0	71226207	
019	 -0.105231	 18.671822	   3149.831851	   3149.831851	584471	   3149.844711	   3149.818996	0.0	      0.000000	0	71226207	
020	  0.191330	 24.455797	   3149.811955	   3149.811955	591592	   3149.824815	   3149.799100	0.0	      0.000000	0	71226207	
021	  0.057399	661.882385	   3149.755919	   3149.755919	611648	   3149.768780	   3149.743064	0.0	      0.000000	0	71226207	
022	  0.009566	240907.328125	   3149.699878	   3149.699878	631706	   3149.712738	   3149.687023	0.0	      0.000000	0	71226207	
023	  0.038266	314.850555	   3149.511849	   3149.511849	699004	   3149.524710	   3149.498994	0.0	      0.000000	0	71226207	
024	  0.019133	3138.959961	   3149.399752	   3149.399752	739125	   3149.412613	   3149.386897	0.0	      0.000000	0	71226207	
025	  0.047832	366.038727	   3149.099627	   3149.099627	846544	   3149.112488	   3149.086772	0.0	      0.000000	0	71226207	
026	 28.087214	196.158722	   3147.066725	   3147.066725	525572	   3147.079586	   3147.053870	0.0	      0.000000	1	202171	
027	 -0.000000	1111.567261	   3146.314114	   3146.314114	794942	   3146.326975	   3146.301259	0.0	      0.000000	1	202171	
028	 -0.000000	1470.993286	   3145.557913	   3145.557913	17021	   3145.570773	   3145.545058	0.0	      0.000000	2	390311	
029	 -0.009566	138.506638	   3144.903124	   3144.903124	251379	   3144.915985	   3144.890269	0.0	      0.000000	2	390311	
030	 -0.000000	257.696777	   3144.471171	   3144.471171	405981	   3144.484032	   3144.458316	0.0	      0.000000	2	390311	
031	 -4.553649	 77.344696	   3144.141212	   3144.141212	524078	   3144.154072	   3144.128357	0.0	      0.000000	2	390311	
032	 -0.000000	 14.992517	   3143.365400	   3143.365400	801752	   3143.378260	   3143.352544	0.0	      0.000000	2	390311	
033	 -0.000000	 37.276539	   3143.088962	   3143.088962	900693	   3143.101822	   3143.076107	0.0	      0.000000	2	390311	
034	 -0.000000	 10.680342	   3142.996811	   3142.996811	933675	   3143.009672	   3142.983956	0.0	      0.000000	2	390311	
035	 -0.000000	2784.661377	   3142.628225	   3142.628225	17021	   3142.641086	   3142.615370	0.0	      0.000000	3	2351718	
036	 -0.000000	 14.509171	   3142.167491	   3142.167491	181924	   3142.180352	   3142.154636	0.0	      0.000000	3	2351718	
037	 -0.000000	 18.567554	   3141.891054	   3141.891054	280865	   3141.903914	   3141.878198	0.0	      0.000000	3	2351718	
038	 -0.000000	 72.178497	   3141.706755	   3141.706755	346828	   3141.719616	   3141.693900	0.0	      0.000000	3	2351718	
039	 -0.000000	 68.634583	   3141.246019	   3141.246019	511732	   3141.258879	   3141.233164	0.0	      0.000000	3	2351718	
040	  2.075928	 63.738754	   3141.210675	   3141.210675	524382	   3141.223536	   3141.197820	0.0	      0.000000	3	2351718	
041	 -0.000000	48920.152344	   3140.785282	   3140.785282	676636	   3140.798143	   3140.772427	0.0	      0.000000	3	2351718	
042	 -0.000000	 10.337702	   3140.693134	   3140.693134	709617	   3140.705995	   3140.680279	0.0	      0.000000	3	2351718	
043	 -0.000000	 20.487980	   3140.508847	   3140.508847	775576	   3140.521708	   3140.495992	0.0	      0.000000	3	2351718	
044	 -0.000000	 42.096184	   3140.416696	   3140.416696	808558	   3140.429557	   3140.403841	0.0	      0.000000	3	2351718	
045	 -0.000000	 16.366785	   3140.324548	   3140.324548	841539	   3140.337409	   3140.311693	0.0	      0.000000	3	2351718	
046	 -0.000000	 15.776231	   3140.140247	   3140.140247	907503	   3140.153108	   3140.127392	0.0	      0.000000	3	2351718	
047	 -0.000000	 62.930634	   3140.048110	   3140.048110	940480	   3140.060971	   3140.035255	0.0	      0.000000	3	2351718	
048	 -0.000000	 96.425972	   3140.000001	   3140.000001	957699	   3140.012862	   3139.987146	0.0	      0.000000	3	2351718	
049	 -0.000000	 34.408131	   3139.863812	   3139.863812	1006443	   3139.876673	   3139.850957	0.0	      0.000000	3	2351718	
050	 -0.019133	 10.541818	   3139.840924	   3139.840924	1014635	   3139.853784	   3139.828069	0.0	      0.000000	3	2351718	
051	 -0.028699	 94.728668	   3139.806251	   3139.806251	1027045	   3139.819111	   3139.793396	0.0	      0.000000	3	2351718	
052	 -0.000000	 11.426238	   3139.403076	   3139.403076	122771	   3139.415936	   3139.390220	0.0	      0.000000	4	1068565	
053	 -0.000000	 15.873218	   3139.310925	   3139.310925	155753	   3139.323786	   3139.298070	0.0	      0.000000	4	1068565	
054	 -0.000000	6025.671387	   3138.942339	   3138.942339	287675	   3138.955200	   3138.929484	0.0	      0.000000	4	1068565	
055	  7.576660	 79.981194	   3138.280278	   3138.280278	524636	   3138.293138	   3138.267423	0.0	      0.000000	4	1068565	
056	 -0.000000	 14.752876	   3138.020869	   3138.020869	617482	   3138.033730	   3138.008014	0.0	      0.000000	4	1068565	
057	 -0.000000	 12.483247	   3137.467982	   3137.467982	815368	   3137.480843	   3137.455127	0.0	      0.000000	4	1068565	
058	 -0.000000	4386.429688	   3137.099396	   3137.099396	947290	   3137.112257	   3137.086541	0.0	      0.000000	4	1068565	
059	 -0.028699	 37.588165	   3136.876563	   3136.876563	1027045	   3136.889424	   3136.863708	0.0	      0.000000	4	1068565	
060	 -0.000000	 28.267235	   3136.711783	   3136.711783	37446	   3136.724644	   3136.698928	0.0	      0.000000	5	936384	
061	 -0.000000	 20.156658	   3136.638660	   3136.638660	63618	   3136.651520	   3136.625805	0.0	      0.000000	5	936384	
062	 -0.000000	 15.116142	   3136.362224	   3136.362224	162558	   3136.375085	   3136.349369	0.0	      0.000000	5	936384	
063	 -0.000000	 13.412129	   3135.717189	   3135.717189	393425	   3135.730050	   3135.704334	0.0	      0.000000	5	936384	
064	 -0.000000	 11.299325	   3135.625039	   3135.625039	426407	   3135.637899	   3135.612184	0.0	      0.000000	5	936384	
065	-21.687233	 84.584549	   3135.354331	   3135.354331	523297	   3135.367192	   3135.341476	0.0	      0.000000	5	936384	
066	 -0.000000	60406.585938	   3135.256453	   3135.256453	558329	   3135.269314	   3135.243598	0.0	      0.000000	5	936384	
067	 -0.000000	 11.990748	   3135.072155	   3135.072155	624292	   3135.085015	   3135.059300	0.0	      0.000000	5	936384	
068	 -0.000000	 35.407803	   3134.887867	   3134.887867	690251	   3134.900728	   3134.875012	0.0	      0.000000	5	936384	
069	 -0.000000	 66.023102	   3134.795717	   3134.795717	723233	   3134.808577	   3134.782862	0.0	      0.000000	5	936384	
070	 -0.000000	 24.019474	   3134.725501	   3134.725501	748364	   3134.738362	   3134.712646	0.0	      0.000000	5	936384	
071	 -0.000000	 17.645870	   3134.703566	   3134.703566	756215	   3134.716427	   3134.690711	0.0	      0.000000	5	936384	
072	 -0.000000	 29.067659	   3134.611418	   3134.611418	789196	   3134.624279	   3134.598563	0.0	      0.000000	5	936384	
073	 -0.000000	142.925186	   3134.519281	   3134.519281	822173	   3134.532142	   3134.506426	0.0	      0.000000	5	936384	
074	 -0.000000	 51.102230	   3134.427131	   3134.427131	855155	   3134.439991	   3134.414276	0.0	      0.000000	5	936384	
075	 -0.000000	 37.255260	   3134.334980	   3134.334980	888137	   3134.347841	   3134.322125	0.0	      0.000000	5	936384	
076	 -0.000000	 64.921944	   3134.242832	   3134.242832	921118	   3134.255693	   3134.229977	0.0	      0.000000	5	936384	
077	 -0.000000	 11.069531	   3134.169709	   3134.169709	947290	   3134.182569	   3134.156854	0.0	      0.000000	5	936384	
078	 -0.000000	138.087326	   3134.150682	   3134.150682	954100	   3134.163542	   3134.137827	0.0	      0.000000	5	936384	
079	 -0.000000	 57.997009	   3134.058545	   3134.058545	987077	   3134.071406	   3134.045690	0.0	      0.000000	5	936384	
080	 -0.000000	208.949631	   3133.782096	   3133.782096	37446	   3133.794956	   3133.769241	0.0	      0.000000	6	2449658	
081	 -0.000000	 13.844415	   3133.689945	   3133.689945	70428	   3133.702806	   3133.677090	0.0	      0.000000	6	2449658	
082	 -0.000000	 63.639683	   3133.597809	   3133.597809	103405	   3133.610669	   3133.584953	0.0	      0.000000	6	2449658	
083	 -0.000000	 60.993378	   3133.505661	   3133.505661	136386	   3133.518521	   3133.492806	0.0	      0.000000	6	2449658	
084	 -0.000000	84267.921875	   3133.413510	   3133.413510	169368	   3133.426371	   3133.400655	0.0	      0.000000	6	2449658	
085	 -0.000000	 59.215092	   3133.321359	   3133.321359	202350	   3133.334220	   3133.308504	0.0	      0.000000	6	2449658	
086	 -0.000000	 42.166084	   3133.229212	   3133.229212	235331	   3133.242072	   3133.216356	0.0	      0.000000	6	2449658	
087	 -0.000000	 92.812843	   3133.137072	   3133.137072	268309	   3133.149933	   3133.124217	0.0	      0.000000	6	2449658	
088	 -0.000000	186.196045	   3133.044924	   3133.044924	301290	   3133.057785	   3133.032069	0.0	      0.000000	6	2449658	
089	 -0.000000	 40.681694	   3132.952774	   3132.952774	334272	   3132.965634	   3132.939919	0.0	      0.000000	6	2449658	
090	 -0.009566	178.883896	   3132.676338	   3132.676338	433212	   3132.689199	   3132.663483	0.0	      0.000000	6	2449658	
091	 -0.000000	 70.817795	   3132.584188	   3132.584188	466194	   3132.597048	   3132.571333	0.0	      0.000000	6	2449658	
092	 -0.000000	 80.818359	   3132.492037	   3132.492037	499176	   3132.504898	   3132.479182	0.0	      0.000000	6	2449658	
093	-16.817888	 81.923706	   3132.424029	   3132.424029	523517	   3132.436890	   3132.411174	0.0	      0.000000	6	2449658	
094	 -0.000000	 75.667305	   3132.399886	   3132.399886	532158	   3132.412747	   3132.387031	0.0	      0.000000	6	2449658	
095	 -0.000000	229.302261	   3132.307739	   3132.307739	565139	   3132.320599	   3132.294884	0.0	      0.000000	6	2449658	
096	 -0.000000	 23.737110	   3132.215602	   3132.215602	598116	   3132.228463	   3132.202747	0.0	      0.000000	6	2449658	
097	 -0.000000	 32.399895	   3132.123451	   3132.123451	631098	   3132.136312	   3132.110596	0.0	      0.000000	6	2449658	
098	 -0.000000	 11.877131	   3132.031301	   3132.031301	664080	   3132.044161	   3132.018446	0.0	      0.000000	6	2449658	
099	 -0.000000	 36.240051	   3131.939153	   3131.939153	697061	   3131.952013	   3131.926298	0.0	      0.000000	6	2449658	
100	 -0.000000	 14.070759	   3131.847002	   3131.847002	730043	   3131.859863	   3131.834147	0.0	      0.000000	6	2449658	
101	 -0.000000	7122.737793	   3131.570567	   3131.570567	828983	   3131.583428	   3131.557712	0.0	      0.000000	6	2449658	
102	 -0.000000	 11.240026	   3131.478416	   3131.478416	861965	   3131.491277	   3131.465561	0.0	      0.000000	6	2449658	
103	 -0.000000	 10.137544	   3131.386266	   3131.386266	894947	   3131.399126	   3131.373411	0.0	      0.000000	6	2449658	
104	 -0.000000	 10.693208	   3131.294129	   3131.294129	927924	   3131.306990	   3131.281274	0.0	      0.000000	6	2449658	
105	 -0.000000	1334.528442	   3130.814366	   3130.814366	51062	   3130.827226	   3130.801511	0.0	      0.000000	7	1189055	
106	 -0.000000	 44.453148	   3130.649094	   3130.649094	110215	   3130.661955	   3130.636239	0.0	      0.000000	7	1189055	
107	 -0.000000	 11.324359	   3130.556943	   3130.556943	143197	   3130.569804	   3130.544088	0.0	      0.000000	7	1189055	
108	 -0.000000	 24.389809	   3130.458702	   3130.458702	178359	   3130.471563	   3130.445847	0.0	      0.000000	7	1189055	
109	 -0.000000	 30.383097	   3130.188358	   3130.188358	275119	   3130.201218	   3130.175503	0.0	      0.000000	7	1189055	
110	 -0.000000	 32.707870	   3130.089999	   3130.089999	310323	   3130.102859	   3130.077144	0.0	      0.000000	7	1189055	
111	 -0.000000	2169.141846	   3130.000000	   3130.000000	342535	   3130.012860	   3129.987144	0.0	      0.000000	7	1189055	
112	 -0.000000	 12.485223	   3129.911922	   3129.911922	374059	   3129.924783	   3129.899067	0.0	      0.000000	7	1189055	
113	 -0.000000	9683.777344	   3129.727624	   3129.727624	440022	   3129.740485	   3129.714769	0.0	      0.000000	7	1189055	
114	 -0.000000	 11.612668	   3129.635473	   3129.635473	473004	   3129.648334	   3129.622618	0.0	      0.000000	7	1189055	
115	-30.717999	 77.280716	   3129.496110	   3129.496110	522884	   3129.508971	   3129.483255	0.0	      0.000000	7	1189055	
116	 -0.000000	 16.135342	   3129.451186	   3129.451186	538963	   3129.464047	   3129.438331	0.0	      0.000000	7	1189055	
117	 -0.000000	 31.485182	   3129.359038	   3129.359038	571944	   3129.371899	   3129.346183	0.0	      0.000000	7	1189055	
118	 -0.000000	 18.612387	   3129.266888	   3129.266888	604926	   3129.279748	   3129.254032	0.0	      0.000000	7	1189055	
119	 -0.000000	 25.233244	   3128.990450	   3128.990450	703867	   3129.003310	   3128.977595	0.0	      0.000000	7	1189055	
120	 -0.000000	 15.464381	   3128.621853	   3128.621853	835793	   3128.634713	   3128.608998	0.0	      0.000000	7	1189055	
121	 -0.009566	 12.422463	   3128.529716	   3128.529716	868770	   3128.542577	   3128.516861	0.0	      0.000000	7	1189055	
122	 -0.000000	18362.982422	   3127.884678	   3127.884678	51062	   3127.897539	   3127.871823	0.0	      0.000000	8	1191286	
123	 -0.000000	 24.815496	   3127.423945	   3127.423945	215965	   3127.436805	   3127.411089	0.0	      0.000000	8	1191286	
124	 -0.000000	 10.865685	   3127.239643	   3127.239643	281929	   3127.252504	   3127.226788	0.0	      0.000000	8	1191286	
125	 -0.000000	 50.642662	   3127.147507	   3127.147507	314906	   3127.160367	   3127.134652	0.0	      0.000000	8	1191286	
126	 -0.000000	 10.630125	   3126.963208	   3126.963208	380869	   3126.976069	   3126.950353	0.0	      0.000000	8	1191286	
127	 -0.000000	 25.777040	   3126.778910	   3126.778910	446832	   3126.791770	   3126.766055	0.0	      0.000000	8	1191286	
128	 -0.000000	 14.670134	   3126.686770	   3126.686770	479810	   3126.699631	   3126.673915	0.0	      0.000000	8	1191286	
129	 -0.000000	 15.844003	   3126.594622	   3126.594622	512791	   3126.607483	   3126.581767	0.0	      0.000000	8	1191286	
130	 20.242693	 77.574615	   3126.559916	   3126.559916	525213	   3126.572776	   3126.547061	0.0	      0.000000	8	1191286	
131	 -0.000000	 38.241199	   3126.502472	   3126.502472	545773	   3126.515332	   3126.489617	0.0	      0.000000	8	1191286	
132	 -0.000000	 24.399586	   3126.410321	   3126.410321	578755	   3126.423182	   3126.397466	0.0	      0.000000	8	1191286	
133	 -0.000000	 21.037092	   3126.318173	   3126.318173	611736	   3126.331034	   3126.305318	0.0	      0.000000	8	1191286	
134	 -0.000000	2745.130859	   3126.041735	   3126.041735	710677	   3126.054596	   3126.028880	0.0	      0.000000	8	1191286	
135	 -0.114798	 14.481981	   3125.973473	   3125.973473	735109	   3125.986334	   3125.960618	0.0	      0.000000	8	1191286	
136	 -0.000000	 12.463048	   3125.765300	   3125.765300	809617	   3125.778161	   3125.752445	0.0	      0.000000	8	1191286	
137	 -0.000000	 34.056782	   3125.673149	   3125.673149	842599	   3125.686010	   3125.660294	0.0	      0.000000	8	1191286	
138	 -0.009566	 12.596675	   3125.581001	   3125.581001	875580	   3125.593862	   3125.568146	0.0	      0.000000	8	1191286	
139	 -0.000000	 13.218899	   3125.396700	   3125.396700	941544	   3125.409561	   3125.383845	0.0	      0.000000	8	1191286	
140	 -0.000000	 50.410866	   3125.304564	   3125.304564	974521	   3125.317424	   3125.291708	0.0	      0.000000	8	1191286	
141	 -0.000000	 21.960329	   3124.935964	   3124.935964	57872	   3124.948824	   3124.923109	0.0	      0.000000	9	436077	
142	 -0.000000	 35.884327	   3124.659529	   3124.659529	156812	   3124.672389	   3124.646674	0.0	      0.000000	9	436077	
143	 -0.000000	4044.826416	   3124.198792	   3124.198792	321716	   3124.211653	   3124.185937	0.0	      0.000000	9	436077	
144	  5.223303	 72.868660	   3123.632142	   3123.632142	524528	   3123.645003	   3123.619287	0.0	      0.000000	9	436077	
145	 -0.000000	 73.579803	   3123.461621	   3123.461621	585560	   3123.474481	   3123.448765	0.0	      0.000000	9	436077	
146	 -0.000000	 21.657087	   3123.369470	   3123.369470	618542	   3123.382330	   3123.356615	0.0	      0.000000	9	436077	
147	 -0.000000	 24.787775	   3123.277322	   3123.277322	651523	   3123.290183	   3123.264467	0.0	      0.000000	9	436077	
148	 -0.000000	 12.877116	   3123.185171	   3123.185171	684505	   3123.198032	   3123.172316	0.0	      0.000000	9	436077	
149	 -0.000000	 55.413387	   3123.093021	   3123.093021	717487	   3123.105881	   3123.080166	0.0	      0.000000	9	436077	
150	 -0.000000	 16.932289	   3122.816586	   3122.816586	816427	   3122.829446	   3122.803731	0.0	      0.000000	9	436077	
151	 -0.000000	 32.273643	   3122.724435	   3122.724435	849409	   3122.737296	   3122.711580	0.0	      0.000000	9	436077	
152	 -0.000000	 11.980041	   3122.709104	   3122.709104	854896	   3122.721965	   3122.696249	0.0	      0.000000	9	436077	
153	 -0.000000	2718.044922	   3122.355849	   3122.355849	981331	   3122.368710	   3122.342994	0.0	      0.000000	9	436077	
154	 -0.000000	362.977020	   3122.340312	   3122.340312	986892	   3122.353172	   3122.327457	0.0	      0.000000	9	436077	
155	 -0.000000	 10.930955	   3121.987263	   3121.987263	64677	   3122.000124	   3121.974408	0.0	      0.000000	10	297687	
156	 -0.000000	 14.689197	   3121.895113	   3121.895113	97659	   3121.907973	   3121.882258	0.0	      0.000000	10	297687	
157	 -0.000000	 41.519646	   3121.610058	   3121.610058	199684	   3121.622919	   3121.597203	0.0	      0.000000	10	297687	
158	 -0.000000	 14.787231	   3121.425704	   3121.425704	265667	   3121.438564	   3121.412849	0.0	      0.000000	10	297687	
159	 -0.000000	 11.161584	   3121.333525	   3121.333525	298659	   3121.346386	   3121.320670	0.0	      0.000000	10	297687	
160	  0.009566	 25.777224	   3121.241347	   3121.241347	331651	   3121.254207	   3121.228492	0.0	      0.000000	10	297687	
161	 -0.000000	 19.730303	   3120.973643	   3120.973643	427466	   3120.986503	   3120.960787	0.0	      0.000000	10	297687	
162	 -0.000000	 25.773781	   3120.872649	   3120.872649	463613	   3120.885510	   3120.859794	0.0	      0.000000	10	297687	
163	 -5.653795	 69.570900	   3120.703851	   3120.703851	524028	   3120.716712	   3120.690996	0.0	      0.000000	10	297687	
164	 -0.000000	1893.140503	   3120.512906	   3120.512906	592370	   3120.525767	   3120.500051	0.0	      0.000000	10	297687	
165	 -0.000000	 15.312857	   3120.135254	   3120.135254	727537	   3120.148114	   3120.122399	0.0	      0.000000	10	297687	
166	 -0.000000	 23.802492	   3120.052170	   3120.052170	757274	   3120.065030	   3120.039315	0.0	      0.000000	10	297687	
167	 -0.000000	 28.364548	   3120.000001	   3120.000001	775946	   3120.012861	   3119.987146	0.0	      0.000000	10	297687	
168	 -0.000000	 85.367188	   3119.775734	   3119.775734	856214	   3119.788595	   3119.762879	0.0	      0.000000	10	297687	
169	 -0.000000	 15.667089	   3119.758744	   3119.758744	862295	   3119.771605	   3119.745889	0.0	      0.000000	10	297687	
170	 -0.000000	 22.559851	   3119.683584	   3119.683584	889196	   3119.696444	   3119.670729	0.0	      0.000000	10	297687	
171	 -0.000000	 47.791096	   3119.591433	   3119.591433	922178	   3119.604294	   3119.578578	0.0	      0.000000	10	297687	
172	 -0.000000	 11.555359	   3119.574342	   3119.574342	928295	   3119.587203	   3119.561487	0.0	      0.000000	10	297687	
173	 -0.009566	 13.604587	   3119.499285	   3119.499285	955159	   3119.512146	   3119.486430	0.0	      0.000000	10	297687	
174	 -0.000000	 68.159706	   3119.426162	   3119.426162	981331	   3119.439022	   3119.413307	0.0	      0.000000	10	297687	
175	 -0.000000	 62.321743	   3119.407135	   3119.407135	988141	   3119.419995	   3119.394280	0.0	      0.000000	10	297687	
176	 -0.000000	 19.106859	   3119.038549	   3119.038549	71487	   3119.051410	   3119.025694	0.0	      0.000000	11	613022	
177	 -0.000000	 10.382580	   3119.021145	   3119.021145	77716	   3119.034006	   3119.008290	0.0	      0.000000	11	613022	
178	 -0.000000	1466.691406	   3118.669963	   3118.669963	203409	   3118.682824	   3118.657108	0.0	      0.000000	11	613022	
179	 -0.000000	508.440491	   3118.652353	   3118.652353	209712	   3118.665213	   3118.639498	0.0	      0.000000	11	613022	
180	 -0.000000	 22.575829	   3118.301377	   3118.301377	335331	   3118.314238	   3118.288522	0.0	      0.000000	11	613022	
181	 -0.009566	 11.273193	   3117.922789	   3117.922789	470833	   3117.935650	   3117.909934	0.0	      0.000000	11	613022	
182	-27.465391	 62.516491	   3117.776944	   3117.776944	523033	   3117.789805	   3117.764089	0.0	      0.000000	11	613022	
183	 -0.000000	 15.182234	   3117.554075	   3117.554075	602801	   3117.566935	   3117.541220	0.0	      0.000000	11	613022	
184	 -0.000000	327.296539	   3116.827020	   3116.827020	863024	   3116.839881	   3116.814165	0.0	      0.000000	11	613022	
185	 -0.000000	 14.616079	   3115.905547	   3115.905547	144256	   3115.918408	   3115.892692	0.0	      0.000000	12	46235	
186	 -0.000000	 46.704712	   3114.984074	   3114.984074	474064	   3114.996935	   3114.971219	0.0	      0.000000	12	46235	
187	-14.091439	 55.878967	   3114.845552	   3114.845552	523643	   3114.858413	   3114.832697	0.0	      0.000000	12	46235	
188	 -0.000000	 10.538138	   3114.246903	   3114.246903	737908	   3114.259763	   3114.234048	0.0	      0.000000	12	46235	
189	 -0.000000	 10.777409	   3113.878306	   3113.878306	869834	   3113.891166	   3113.865451	0.0	      0.000000	12	46235	
190	 -0.000000	473.864685	   3113.141131	   3113.141131	85103	   3113.153992	   3113.128276	0.0	      0.000000	13	736981	
191	 -0.000000	 18.133537	   3112.761241	   3112.761241	221071	   3112.774102	   3112.748386	0.0	      0.000000	13	736981	
192	 -0.000000	 13.507637	   3112.680398	   3112.680398	250006	   3112.693258	   3112.667543	0.0	      0.000000	13	736981	
193	 -0.000000	 95.552460	   3112.403960	   3112.403960	348947	   3112.416820	   3112.391105	0.0	      0.000000	13	736981	
194	 -0.000000	 25.265347	   3112.311812	   3112.311812	381928	   3112.324672	   3112.298957	0.0	      0.000000	13	736981	
195	 -0.000000	 66.152771	   3112.219661	   3112.219661	414910	   3112.232522	   3112.206806	0.0	      0.000000	13	736981	
196	 -0.000000	 29.871679	   3112.127510	   3112.127510	447892	   3112.140371	   3112.114655	0.0	      0.000000	13	736981	
197	 -0.009566	 62.606941	   3112.035363	   3112.035363	480873	   3112.048223	   3112.022508	0.0	      0.000000	13	736981	
198	  5.051106	 50.719048	   3111.913420	   3111.913420	524518	   3111.926281	   3111.900565	0.0	      0.000000	13	736981	
199	 -0.000000	 12.203782	   3111.851075	   3111.851075	546832	   3111.863936	   3111.838220	0.0	      0.000000	13	736981	
200	 -0.000000	 37.776463	   3111.758925	   3111.758925	579814	   3111.771785	   3111.746070	0.0	      0.000000	13	736981	
201	 -0.000000	113.857193	   3111.666774	   3111.666774	612796	   3111.679635	   3111.653919	0.0	      0.000000	13	736981	
202	 -0.000000	 21.639820	   3111.574626	   3111.574626	645777	   3111.587487	   3111.561771	0.0	      0.000000	13	736981	
203	 -0.000000	996.793884	   3111.298188	   3111.298188	744718	   3111.311049	   3111.285333	0.0	      0.000000	13	736981	
204	 -0.000000	 45.937794	   3110.929602	   3110.929602	876640	   3110.942463	   3110.916747	0.0	      0.000000	13	736981	
205	 -0.000000	 21.608526	   3110.825561	   3110.825561	913878	   3110.838421	   3110.812706	0.0	      0.000000	13	736981	
206	  0.009566	 13.585905	   3110.549039	   3110.549039	1012849	   3110.561899	   3110.536184	0.0	      0.000000	13	736981	
207	 -0.000000	 14.925076	   3110.180330	   3110.180330	96239	   3110.193191	   3110.167475	0.0	      0.000000	14	237573	
208	 -0.000000	 26.265303	   3109.999999	   3109.999999	160782	   3110.012860	   3109.987144	0.0	      0.000000	14	237573	
209	  0.009566	 14.943710	   3109.811630	   3109.811630	228202	   3109.824490	   3109.798775	0.0	      0.000000	14	237573	
210	 -0.000000	424.889221	   3109.455245	   3109.455245	355757	   3109.468106	   3109.442390	0.0	      0.000000	14	237573	
211	 28.852533	 46.377132	   3108.980690	   3108.980690	525607	   3108.993550	   3108.967835	0.0	      0.000000	14	237573	
212	 -0.000000	116.019524	   3107.612302	   3107.612302	1015372	   3107.625163	   3107.599447	0.0	      0.000000	14	237573	
213	 -0.000000	 18.966921	   3107.599081	   3107.599081	1020104	   3107.611942	   3107.586226	0.0	      0.000000	14	237573	
214	 -0.000000	 18.217972	   3107.243716	   3107.243716	98718	   3107.256577	   3107.230861	0.0	      0.000000	15	46244	
215	 -0.000000	 10.920404	   3107.151566	   3107.151566	131700	   3107.164426	   3107.138711	0.0	      0.000000	15	46244	
216	 -0.000000	 17.690094	   3106.875131	   3106.875131	230640	   3106.887991	   3106.862275	0.0	      0.000000	15	46244	
217	 -0.000000	 19.090117	   3106.506531	   3106.506531	362567	   3106.519391	   3106.493676	0.0	      0.000000	15	46244	
218	  0.468758	 43.806129	   3106.054632	   3106.054632	524308	   3106.067492	   3106.041777	0.0	      0.000000	15	46244	
219	 -0.000000	 17.574055	   3105.769359	   3105.769359	626411	   3105.782220	   3105.756504	0.0	      0.000000	15	46244	
220	  0.009566	 51.849529	   3105.755926	   3105.755926	631219	   3105.768786	   3105.743071	0.0	      0.000000	15	46244	
221	 -0.009566	 14.883904	   3105.032188	   3105.032188	890255	   3105.045048	   3105.019332	0.0	      0.000000	15	46244	
222	 -0.000000	 16.546535	   3104.682615	   3104.682615	1015372	   3104.695475	   3104.669760	0.0	      0.000000	15	46244	
223	 -0.000000	 21.110474	   3103.926416	   3103.926416	237450	   3103.939277	   3103.913561	0.0	      0.000000	16	46116	
224	 -0.000000	 43.124001	   3103.912044	   3103.912044	242594	   3103.924905	   3103.899189	0.0	      0.000000	16	46116	
225	 19.448673	 32.167412	   3103.122513	   3103.122513	525178	   3103.135374	   3103.109658	0.0	      0.000000	16	46116	
226	 -0.009566	 13.011172	   3102.083473	   3102.083473	897065	   3102.096334	   3102.070618	0.0	      0.000000	16	46116	
227	 -0.009566	 18.097383	   3101.331125	   3101.331125	117765	   3101.343985	   3101.318270	0.0	      0.000000	17	354249	
228	 -0.000000	 13.607119	   3101.162000	   3101.162000	178297	   3101.174861	   3101.149145	0.0	      0.000000	17	354249	
229	 -0.000000	 20.775202	   3101.146767	   3101.146767	183749	   3101.159628	   3101.133912	0.0	      0.000000	17	354249	
230	 -0.000000	 10.624548	   3100.977702	   3100.977702	244260	   3100.990562	   3100.964847	0.0	      0.000000	17	354249	
231	 -0.000000	 21.805788	   3100.962410	   3100.962410	249733	   3100.975271	   3100.949555	0.0	      0.000000	17	354249	
232	 -0.000000	 14.484485	   3100.609113	   3100.609113	376183	   3100.621974	   3100.596258	0.0	      0.000000	17	354249	
233	 -0.000000	 21.817419	   3100.593707	   3100.593707	381697	   3100.606568	   3100.580852	0.0	      0.000000	17	354249	
234	 -0.000000	462.332306	   3100.240527	   3100.240527	508105	   3100.253388	   3100.227672	0.0	      0.000000	17	354249	
235	 -0.000000	546.358032	   3100.225007	   3100.225007	513660	   3100.237867	   3100.212152	0.0	      0.000000	17	354249	
236	-21.677666	 34.017170	   3100.198087	   3100.198087	523295	   3100.210948	   3100.185232	0.0	      0.000000	17	354249	
237	 -0.000000	 25.631636	   3100.000000	   3100.000000	594193	   3100.012861	   3099.987145	0.0	      0.000000	17	354249	
238	 -0.000000	 13.028108	   3099.856306	   3099.856306	645623	   3099.869167	   3099.843451	0.0	      0.000000	17	354249	
239	 -0.000000	 10.959357	   3099.764128	   3099.764128	678615	   3099.776988	   3099.751273	0.0	      0.000000	17	354249	
240	 -0.000000	 10.509029	   3099.487606	   3099.487606	777586	   3099.500467	   3099.474751	0.0	      0.000000	17	354249	
241	 -0.000000	127.649307	   3098.397584	   3098.397584	119144	   3098.410445	   3098.384729	0.0	      0.000000	18	212158	
242	 -8.428078	 32.843674	   3097.266703	   3097.266703	523902	   3097.279564	   3097.253848	0.0	      0.000000	18	212158	
243	 -0.000000	 15.562951	   3096.923227	   3096.923227	646837	   3096.936088	   3096.910372	0.0	      0.000000	18	212158	
244	 -0.000000	744.048462	   3096.554641	   3096.554641	778759	   3096.567502	   3096.541786	0.0	      0.000000	18	212158	
245	 -0.009566	 71.092583	   3096.537972	   3096.537972	784725	   3096.550833	   3096.525117	0.0	      0.000000	18	212158	
246	 -0.000000	 11.562328	   3096.186055	   3096.186055	910681	   3096.198916	   3096.173200	0.0	      0.000000	18	212158	
247	 -0.000000	 20.418051	   3095.798443	   3095.798443	837	   3095.800781	   3095.785588	0.0	      0.000000	19	259532	
248	 -0.000000	1080.200928	   3094.711698	   3094.711698	389798	   3094.724559	   3094.698843	0.0	      0.000000	19	259532	
249	 -0.000000	161.322357	   3094.694909	   3094.694909	395807	   3094.707770	   3094.682054	0.0	      0.000000	19	259532	
250	-20.070496	 30.065987	   3094.338505	   3094.338505	523369	   3094.351366	   3094.325650	0.0	      0.000000	19	259532	
251	 -0.000000	 10.265222	   3093.974527	   3093.974527	653642	   3093.987387	   3093.961672	0.0	      0.000000	19	259532	
252	 -0.000000	 12.343707	   3093.237341	   3093.237341	917491	   3093.250202	   3093.224486	0.0	      0.000000	19	259532	
253	 -0.000000	 20.529367	   3092.868755	   3092.868755	837	   3092.871094	   3092.855900	0.0	      0.000000	20	37375	
254	 -7.930620	 30.598333	   3091.407261	   3091.407261	523926	   3091.420122	   3091.394406	0.0	      0.000000	20	37375	
255	 -0.000000	 31.366398	   3091.025812	   3091.025812	660452	   3091.038673	   3091.012957	0.0	      0.000000	20	37375	
256	 -0.000000	 51.504910	   3089.182869	   3089.182869	271491	   3089.195730	   3089.170014	0.0	      0.000000	21	33847	
257	 -5.931224	 29.358412	   3088.477320	   3088.477320	524017	   3088.490180	   3088.464465	0.0	      0.000000	21	33847	
258	 -0.009566	 15.144040	   3087.339926	   3087.339926	931106	   3087.352787	   3087.327071	0.0	      0.000000	21	33847	
259	 -0.000000	 30.740044	   3087.320380	   3087.320380	938102	   3087.333240	   3087.307524	0.0	      0.000000	21	33847	
260	  3.520468	 27.466368	   3085.546422	   3085.546422	524450	   3085.559283	   3085.533567	0.0	      0.000000	22	32953	
261	 -0.000000	 14.779201	   3085.476861	   3085.476861	549347	   3085.489722	   3085.464006	0.0	      0.000000	22	32953	
262	 -0.000000	 24.074928	   3083.654037	   3083.654037	153185	   3083.666898	   3083.641182	0.0	      0.000000	23	33049	
263	 -0.000000	 52.993553	   3083.633342	   3083.633342	160592	   3083.646203	   3083.620487	0.0	      0.000000	23	33049	
264	  8.227181	 26.346937	   3082.616137	   3082.616137	524664	   3082.628998	   3082.603282	0.0	      0.000000	23	33049	
265	 -0.000000	111.999580	   3080.000000	   3080.000000	412440	   3080.012860	   3079.987145	0.0	      0.000000	24	33079	
266	  1.004481	 25.678291	   3079.687369	   3079.687369	524335	   3079.700229	   3079.674514	0.0	      0.000000	24	33079	
267	  8.925535	 25.893702	   3076.756675	   3076.756675	524695	   3076.769536	   3076.743820	0.0	      0.000000	25	32959	
268	 -0.000000	 16.559210	   3076.282265	   3076.282265	694493	   3076.295126	   3076.269410	0.0	      0.000000	25	32959	
269	 -0.000000	 15.092091	   3076.259271	   3076.259271	702723	   3076.272132	   3076.246416	0.0	      0.000000	25	32959	
270	 -0.009566	 24.888256	   3074.439322	   3074.439322	305532	   3074.452183	   3074.426467	0.0	      0.000000	26	33003	
271	 11.671118	 24.476219	   3073.826636	   3073.826636	524821	   3073.839496	   3073.813781	0.0	      0.000000	26	33003	
272	 -0.000000	 27.557213	   3072.596376	   3072.596376	965148	   3072.609237	   3072.583521	0.0	      0.000000	26	33003	
273	-23.581398	 25.532162	   3070.901452	   3070.901452	523209	   3070.914313	   3070.888597	0.0	      0.000000	27	32953	
274	 -0.000000	 14.284067	   3070.753433	   3070.753433	576187	   3070.766294	   3070.740578	0.0	      0.000000	27	32953	
275	 24.499781	 25.457792	   3067.965618	   3067.965618	525409	   3067.978479	   3067.952763	0.0	      0.000000	28	32950	
276	 -0.000000	 10.251598	   3065.198861	   3065.198861	467094	   3065.211721	   3065.186006	0.0	      0.000000	29	32952	
277	-29.177794	 24.869076	   3065.042795	   3065.042795	522952	   3065.055656	   3065.029940	0.0	      0.000000	29	32952	
278	 -9.748253	 24.319321	   3062.110618	   3062.110618	523843	   3062.123479	   3062.097763	0.0	      0.000000	30	32971	
279	 -0.000000	 21.940645	   3061.538718	   3061.538718	728534	   3061.551579	   3061.525863	0.0	      0.000000	30	32971	
280	 -0.000000	 35.214096	   3059.999999	   3059.999999	230687	   3060.012860	   3059.987144	0.0	      0.000000	31	32979	
281	 21.170641	 23.835283	   3059.176986	   3059.176986	525255	   3059.189846	   3059.164131	0.0	      0.000000	31	32979	
282	 -0.000000	 17.992422	   3056.009886	   3056.009886	610228	   3056.022747	   3055.997031	0.0	      0.000000	32	14	
283	 -0.000000	 12.675048	   3055.000001	   3055.000001	971680	   3055.012862	   3054.987146	0.0	      0.000000	32	14	
284	 -0.000000	 15.948172	   3054.166943	   3054.166943	221267	   3054.179804	   3054.154088	0.0	      0.000000	33	32960	
285	  2.831681	 24.289436	   3053.319949	   3053.319949	524418	   3053.332810	   3053.307094	0.0	      0.000000	33	32960	
286	 -0.000000	 13.250767	   3052.324000	   3052.324000	880882	   3052.336861	   3052.311145	0.0	      0.000000	33	32960	
287	-26.977501	 24.492805	   3050.394070	   3050.394070	523055	   3050.406931	   3050.381215	0.0	      0.000000	34	556788	
288	 -0.000000	52028.550781	   3050.000000	   3050.000000	664098	   3050.012861	   3049.987145	0.0	      0.000000	34	556788	
289	-18.386793	 24.788889	   3047.463290	   3047.463290	523446	   3047.476151	   3047.450435	0.0	      0.000000	35	32950	
290	 17.860636	 24.275692	   3044.528965	   3044.528965	525106	   3044.541825	   3044.516109	0.0	      0.000000	36	32950	
291	-20.835815	 24.489790	   3041.604228	   3041.604228	523334	   3041.617089	   3041.591373	0.0	      0.000000	37	32950	
292	 30.679733	 23.765066	   3038.667952	   3038.667952	525692	   3038.680813	   3038.655097	0.0	      0.000000	38	32950	
293	-19.515638	 23.935318	   3035.744680	   3035.744680	523396	   3035.757540	   3035.731825	0.0	      0.000000	39	32950	
294	 -0.000000	 12.188902	   3033.894567	   3033.894567	137001	   3033.907428	   3033.881712	0.0	      0.000000	40	32954	
295	-14.416700	 25.032249	   3032.814344	   3032.814344	523628	   3032.827205	   3032.801489	0.0	      0.000000	40	32954	
296	 -5.998189	 24.540720	   3029.883581	   3029.883581	524013	   3029.896441	   3029.870726	0.0	      0.000000	41	32950	
297	 -9.987415	 25.376169	   3026.954399	   3026.954399	523832	   3026.967260	   3026.941544	0.0	      0.000000	42	32950	
298	  0.153064	191.872253	   3025.051246	   3025.051246	156421	   3025.064107	   3025.038391	0.0	      0.000000	43	464518	
299	 -0.028699	 13.076644	   3024.953317	   3024.953317	191471	   3024.966178	   3024.940462	0.0	      0.000000	43	464518	
300	-31.110224	 25.522079	   3024.027413	   3024.027413	522865	   3024.040274	   3024.014558	0.0	      0.000000	43	464518	
301	 -5.500731	 25.496986	   3021.094451	   3021.094451	524037	   3021.107312	   3021.081596	0.0	      0.000000	44	32950	
302	-16.722223	 25.833494	   3018.166197	   3018.166197	523524	   3018.179058	   3018.153342	0.0	      0.000000	45	32950	
303	 25.274666	 26.932711	   3015.231148	   3015.231148	525443	   3015.244009	   3015.218293	0.0	      0.000000	46	32951	
304	 -6.973971	 25.795219	   3012.305582	   3012.305582	523968	   3012.318442	   3012.292727	0.0	      0.000000	47	32950	
305	 -0.000000	 20.233850	   3009.999999	   3009.999999	300592	   3010.012860	   3009.987144	0.0	      0.000000	48	34683	
306	 24.404116	 28.472910	   3009.371879	   3009.371879	525405	   3009.384740	   3009.359024	0.0	      0.000000	48	34683	
307	 18.951216	 26.139223	   3006.442887	   3006.442887	525156	   3006.455748	   3006.430032	0.0	      0.000000	49	32950	
308	 13.574849	 26.298538	   3003.513893	   3003.513893	524908	   3003.526753	   3003.501038	0.0	      0.000000	50	32950	
309	 12.044210	 25.789339	   3000.584401	   3000.584401	524838	   3000.597261	   3000.571546	0.0	      0.000000	51	32950	
310	 -6.926138	 25.625763	   2997.657133	   2997.657133	523972	   2997.669994	   2997.644278	0.0	      0.000000	52	32950	
311	 25.839088	 25.852318	   2994.723257	   2994.723257	525471	   2994.736118	   2994.710402	0.0	      0.000000	53	32952	
312	 -0.000000	 16.225037	   2993.752563	   2993.752563	872896	   2993.765424	   2993.739708	0.0	      0.000000	53	32952	
313	-15.296817	 26.241575	   2991.798834	   2991.798834	523587	   2991.811694	   2991.785979	0.0	      0.000000	54	32950	
314	 13.900109	 25.950264	   2988.865413	   2988.865413	524923	   2988.878274	   2988.852558	0.0	      0.000000	55	32950	
315	 -3.721364	 25.966312	   2985.937978	   2985.937978	524117	   2985.950838	   2985.925123	0.0	      0.000000	56	32950	
316	 19.601738	 25.738525	   2983.005306	   2983.005306	525185	   2983.018167	   2982.992451	0.0	      0.000000	57	33541	
317	  0.172197	 20.720428	   2982.028239	   2982.028239	874891	   2982.041100	   2982.015384	0.0	      0.000000	57	33541	
318	 -0.076532	 13.675384	   2981.972723	   2981.972723	894761	   2981.985584	   2981.959868	0.0	      0.000000	57	33541	
319	 -0.602689	 25.725721	   2980.078200	   2980.078200	524261	   2980.091061	   2980.065345	0.0	      0.000000	58	32950	
320	  2.755149	 25.639910	   2977.148088	   2977.148088	524413	   2977.160949	   2977.135233	0.0	      0.000000	59	32950	
321	 -0.000000	 21.629694	   2975.001628	   2975.001628	244085	   2975.014489	   2974.988773	0.0	      0.000000	60	32958	
322	 -5.701628	 25.368399	   2974.219476	   2974.219476	524028	   2974.232337	   2974.206621	0.0	      0.000000	60	32958	
323	 16.846588	 25.940454	   2971.286908	   2971.286908	525059	   2971.299769	   2971.274053	0.0	      0.000000	61	32950	
324	-10.494439	 26.285103	   2968.360719	   2968.360719	523807	   2968.373580	   2968.347864	0.0	      0.000000	62	32950	
325	 -0.794019	 26.506762	   2965.429785	   2965.429785	524253	   2965.442646	   2965.416930	0.0	      0.000000	63	32950	
326	 -0.000000	6507.443848	   2962.500176	   2962.500176	524225	   2962.513037	   2962.487321	0.0	      0.000000	64	1223305	
327	 -0.000000	 27.628033	   2950.000001	   2950.000001	803908	   2950.012861	   2949.987146	0.0	      0.000000	68	17	
328	 -0.000000	357.635925	   2939.500309	   2939.500309	367590	   2939.513170	   2939.487454	0.0	      0.000000	72	85473	
329	  0.181763	 25.691332	   2934.028661	   2934.028661	228817	   2934.041522	   2934.015806	0.0	      0.000000	74	835	
330	 -0.076532	 12.767215	   2933.973184	   2933.973184	248673	   2933.986045	   2933.960329	0.0	      0.000000	74	835	
331	 -0.057399	 15.386202	   2885.973646	   2885.973646	651161	   2885.986507	   2885.960791	0.0	      0.000000	90	37	
332	 -0.000000	 16.944954	   2883.335741	   2883.335741	546728	   2883.348601	   2883.322886	0.0	      0.000000	91	10	
333	  0.009566	 21.299116	   2837.501952	   2837.501952	174064	   2837.514813	   2837.489097	0.0	      0.000000	107	43	
334	  0.009566	 41.783436	   2616.671482	   2616.671482	569168	   2616.684342	   2616.658627	0.0	      0.000000	182	227	
335	 -0.000000	 77.319641	   2610.499691	   2610.499691	680986	   2610.512551	   2610.486836	0.0	      0.000000	184	13209	
336	 -0.009566	 28.519859	   2500.157487	   2500.157487	328111	   2500.170348	   2500.144632	0.0	      0.000000	222	105433	
337	 -0.000000	675.309814	   2500.000000	   2500.000000	384478	   2500.012860	   2499.987145	0.0	      0.000000	222	105433	
338	 -0.095665	100.890015	   2465.993696	   2465.993696	1021472	   2466.006557	   2465.980841	0.0	      0.000000	233	487388	
339	 -0.076532	 28.792717	   2463.064009	   2463.064009	1021472	   2463.076870	   2463.051154	0.0	      0.000000	234	59474	
340	 -2.075928	 16.274281	   2461.988994	   2461.988994	357659	   2462.001854	   2461.976139	0.0	      0.000000	235	1124	
341	  0.028699	 12.424744	   2451.959977	   2451.959977	801456	   2451.972837	   2451.947122	0.0	      0.000000	238	48	
342	 -0.057399	 13.027647	   2441.152236	   2441.152236	475393	   2441.165097	   2441.139381	0.0	      0.000000	242	10720767	
343	 -0.315694	 79.175568	   2441.048722	   2441.048722	512442	   2441.061583	   2441.035867	0.0	      0.000000	242	10720767	
344	  0.066965	1077.296631	   2441.004597	   2441.004597	528235	   2441.017458	   2440.991742	0.0	      0.000000	242	10720767	
345	  0.640955	351.821259	   2440.991181	   2440.991181	533037	   2441.004041	   2440.978326	0.0	      0.000000	242	10720767	
346	  0.038266	539.309631	   2440.970108	   2440.970108	540579	   2440.982969	   2440.957253	0.0	      0.000000	242	10720767	
347	  0.373093	 25.851540	   2434.977484	   2434.977484	588271	   2434.990344	   2434.964629	0.0	      0.000000	244	23385	
348	  0.057399	 28.220608	   2418.931503	   2418.931503	39895	   2418.944364	   2418.918648	0.0	      0.000000	250	5972	
349	  0.057399	 24.557528	   2418.913452	   2418.913452	46356	   2418.926312	   2418.900597	0.0	      0.000000	250	5972	
350	 -0.000000	 18.987823	   2418.749999	   2418.749999	104858	   2418.762860	   2418.737144	0.0	      0.000000	250	5972	
351	  0.057399	220.083267	   2416.001816	   2416.001816	39895	   2416.014677	   2415.988961	0.0	      0.000000	251	3518464	
352	  0.057399	276.609985	   2415.983764	   2415.983764	46356	   2415.996625	   2415.970909	0.0	      0.000000	251	3518464	
353	  0.076532	 21.538139	   2414.981638	   2414.981638	405031	   2414.994498	   2414.968783	0.0	      0.000000	251	3518464	
354	  0.009566	 27.696198	   2399.999997	   2399.999997	524289	   2400.012858	   2399.987142	0.0	      0.000000	256	241	
355	 -0.000000	 14.041071	   2350.007225	   2350.007225	591607	   2350.020086	   2349.994370	0.0	      0.000000	273	26	
356	  0.019133	 22.423334	   2347.265617	   2347.265617	524291	   2347.278477	   2347.252762	0.0	      0.000000	274	19770	
357	  0.028699	 25.412132	   2344.335926	   2344.335926	524292	   2344.348787	   2344.323071	0.0	      0.000000	275	19770	
358	 -0.019133	 27.497442	   2341.406258	   2341.406258	524285	   2341.419119	   2341.393403	0.0	      0.000000	276	19770	
359	 -0.000000	 29.828861	   2338.476560	   2338.476560	524289	   2338.489420	   2338.463705	0.0	      0.000000	277	19907	
360	 -0.066965	 18.028996	   2337.464124	   2337.464124	886654	   2337.476984	   2337.451269	0.0	      0.000000	277	19907	
361	  0.028699	 30.395412	   2335.546869	   2335.546869	524290	   2335.559730	   2335.534014	0.0	      0.000000	278	19772	
362	 -0.019133	 30.080530	   2332.617196	   2332.617196	524285	   2332.630057	   2332.604341	0.0	      0.000000	279	19777	
363	 -0.009566	 29.775513	   2329.687500	   2329.687500	524288	   2329.700361	   2329.674645	0.0	      0.000000	280	19774	
364	 -0.000000	 30.015575	   2326.757810	   2326.757810	524289	   2326.770670	   2326.744955	0.0	      0.000000	281	19779	
365	 -0.000000	 33.412155	   2323.828122	   2323.828122	524289	   2323.840983	   2323.815267	0.0	      0.000000	282	19789	
366	 -0.000000	 35.843494	   2320.898440	   2320.898440	524287	   2320.911301	   2320.885585	0.0	      0.000000	283	19805	
367	  0.038266	 13.439173	   2267.511366	   2267.511366	757897	   2267.524227	   2267.498511	0.0	      0.000000	301	2	
368	 -0.143497	 14.034859	   2265.383355	   2265.383355	470966	   2265.396216	   2265.370500	0.0	      0.000000	302	83	
369	  0.688787	 16.738665	   2264.997947	   2264.997947	608909	   2265.010807	   2264.985092	0.0	      0.000000	302	83	
370	 -0.009566	 47.737614	   2250.141739	   2250.141739	683273	   2250.154599	   2250.128883	0.0	      0.000000	307	506	
371	-17.372746	 21.432459	   2247.536551	   2247.536551	567130	   2247.549411	   2247.523696	0.0	      0.000000	308	18525	
372	  0.009566	2066.285889	   2242.503148	   2242.503148	271503	   2242.516009	   2242.490293	0.0	      0.000000	310	1812295	
373	 -0.028699	 18.079439	   2239.548966	   2239.548966	280270	   2239.561827	   2239.536111	0.0	      0.000000	311	62275	
374	 -0.000000	171.808960	   2239.282027	   2239.282027	375811	   2239.294888	   2239.269172	0.0	      0.000000	311	62275	
375	 -0.019133	 30.874340	   2237.501423	   2237.501423	1013114	   2237.514284	   2237.488568	0.0	      0.000000	311	62275	
376	 -0.057399	 17.833912	   2235.452978	   2235.452978	697705	   2235.465839	   2235.440123	0.0	      0.000000	312	53	
377	 -0.000000	 12.138477	   2234.515753	   2234.515753	1033151	   2234.528614	   2234.502898	0.0	      0.000000	312	53	
378	 -0.220029	 24.072634	   2226.574082	   2226.574082	729858	   2226.586942	   2226.561227	0.0	      0.000000	315	143620	
379	 -0.889684	 13.162828	   2226.411833	   2226.411833	787929	   2226.424694	   2226.398978	0.0	      0.000000	315	143620	
380	 -0.277428	 61.139328	   2226.386807	   2226.386807	796886	   2226.399668	   2226.373952	0.0	      0.000000	315	143620	
381	 -0.239162	 12.732016	   2226.362992	   2226.362992	805410	   2226.375852	   2226.350137	0.0	      0.000000	315	143620	
382	 -0.210463	 13.008884	   2226.349477	   2226.349477	810247	   2226.362338	   2226.336622	0.0	      0.000000	315	143620	
383	 -0.009566	 36.397873	   2218.889771	   2218.889771	334452	   2218.902631	   2218.876916	0.0	      0.000000	318	299	
384	 -0.000000	 27.065260	   2209.085936	   2209.085936	697653	   2209.098797	   2209.073081	0.0	      0.000000	321	8	
385	 -0.000000	 79.375504	   2203.263785	   2203.263785	684330	   2203.276646	   2203.250930	0.0	      0.000000	323	1527	
386	 -0.000000	 11.058001	   2200.000311	   2200.000311	803797	   2200.013172	   2199.987456	0.0	      0.000000	324	2	
387	 -0.000000	 34.715466	   2197.000204	   2197.000204	829001	   2197.013065	   2196.987349	0.0	      0.000000	325	17	
388	 -0.000000	2894.951172	   2196.008329	   2196.008329	135431	   2196.021190	   2195.995474	0.0	      0.000000	326	94396482	
389	 -0.000000	2319.850098	   2195.991892	   2195.991892	141314	   2196.004753	   2195.979037	0.0	      0.000000	326	94396482	
390	  0.009566	2232.236328	   2194.005965	   2194.005965	852105	   2194.018826	   2193.993110	0.0	      0.000000	326	94396482	
391	  0.009566	2312.127930	   2193.988964	   2193.988964	858190	   2194.001824	   2193.976109	0.0	      0.000000	326	94396482	
392	 -0.009566	 30.982933	   2192.471311	   2192.471311	352803	   2192.484172	   2192.458456	0.0	      0.000000	327	45	
393	  0.019133	 17.305061	   2189.684010	   2189.684010	301841	   2189.696870	   2189.671155	0.0	      0.000000	328	12756443	
394	  0.009566	 70.452927	   2189.622777	   2189.622777	323757	   2189.635638	   2189.609922	0.0	      0.000000	328	12756443	
395	 -0.000000	356.612549	   2189.561545	   2189.561545	345673	   2189.574405	   2189.548689	0.0	      0.000000	328	12756443	
396	 -0.172197	 12.136036	   2189.539067	   2189.539067	353718	   2189.551928	   2189.526212	0.0	      0.000000	328	12756443	
397	 -0.000000	542917.000000	   2189.500309	   2189.500309	367590	   2189.513170	   2189.487454	0.0	      0.000000	328	12756443	
398	  0.172197	 10.910110	   2189.461551	   2189.461551	381462	   2189.474412	   2189.448696	0.0	      0.000000	328	12756443	
399	 -0.000000	289.833344	   2189.439074	   2189.439074	389507	   2189.451934	   2189.426219	0.0	      0.000000	328	12756443	
400	 -0.009566	 66.037651	   2189.377841	   2189.377841	411423	   2189.390702	   2189.364986	0.0	      0.000000	328	12756443	
401	 -0.019133	 15.568136	   2189.316609	   2189.316609	433339	   2189.329469	   2189.303754	0.0	      0.000000	328	12756443	
402	 -0.000000	 10.666297	   2188.498543	   2188.498543	726136	   2188.511404	   2188.485688	0.0	      0.000000	328	12756443	
403	 -0.000000	8239.421875	   2188.443309	   2188.443309	745905	   2188.456170	   2188.430454	0.0	      0.000000	328	12756443	
404	 -0.000000	5921.099609	   2188.425308	   2188.425308	752348	   2188.438168	   2188.412453	0.0	      0.000000	328	12756443	
405	 -0.000000	 18.755604	   2188.000309	   2188.000309	904461	   2188.013170	   2187.987454	0.0	      0.000000	328	12756443	
406	 -0.000000	130.824265	   2187.412995	   2187.412995	66093	   2187.425855	   2187.400139	0.0	      0.000000	329	111636	
407	 -0.000000	 26.884947	   2187.356995	   2187.356995	86136	   2187.369856	   2187.344140	0.0	      0.000000	329	111636	
408	  0.095665	 12.105272	   2187.331112	   2187.331112	95400	   2187.343972	   2187.318257	0.0	      0.000000	329	111636	
409	  0.066965	 12.779396	   2187.289085	   2187.289085	110442	   2187.301946	   2187.276230	0.0	      0.000000	329	111636	
410	  0.095665	 11.005829	   2187.275850	   2187.275850	115179	   2187.288710	   2187.262995	0.0	      0.000000	329	111636	
411	  0.066965	 11.033533	   2187.233823	   2187.233823	130221	   2187.246684	   2187.220968	0.0	      0.000000	329	111636	
412	  0.066965	 16.149588	   2187.219420	   2187.219420	135376	   2187.232281	   2187.206565	0.0	      0.000000	329	111636	
413	  0.095665	 12.967883	   2187.201776	   2187.201776	141691	   2187.214637	   2187.188921	0.0	      0.000000	329	111636	
414	  0.095665	 13.234876	   2187.180025	   2187.180025	149476	   2187.192886	   2187.167170	0.0	      0.000000	329	111636	
415	  0.095665	 14.019984	   2187.165622	   2187.165622	154631	   2187.178483	   2187.152767	0.0	      0.000000	329	111636	
416	  0.095665	 16.155432	   2187.121531	   2187.121531	170412	   2187.134391	   2187.108676	0.0	      0.000000	329	111636	
417	  0.095665	 13.554554	   2187.088609	   2187.088609	182195	   2187.101470	   2187.075754	0.0	      0.000000	329	111636	
418	  0.066965	 12.597383	   2187.040704	   2187.040704	199341	   2187.053565	   2187.027849	0.0	      0.000000	329	111636	
419	  0.066965	 18.671186	   2187.019833	   2187.019833	206811	   2187.032694	   2187.006978	0.0	      0.000000	329	111636	
420	  0.086098	 16.081331	   2187.002192	   2187.002192	213125	   2187.015053	   2186.989337	0.0	      0.000000	329	111636	
421	  0.095665	 25.185661	   2186.983377	   2186.983377	219859	   2186.996238	   2186.970522	0.0	      0.000000	329	111636	
422	  0.066965	 12.447012	   2186.968100	   2186.968100	225327	   2186.980961	   2186.955245	0.0	      0.000000	329	111636	
423	  0.066965	 16.847317	   2186.952521	   2186.952521	230903	   2186.965381	   2186.939666	0.0	      0.000000	329	111636	
424	  0.066965	 18.361609	   2186.929593	   2186.929593	239109	   2186.942454	   2186.916738	0.0	      0.000000	329	111636	
425	  0.066965	 26.429422	   2186.911662	   2186.911662	245527	   2186.924522	   2186.898807	0.0	      0.000000	329	111636	
426	  0.066965	 15.700510	   2186.895789	   2186.895789	251208	   2186.908650	   2186.882934	0.0	      0.000000	329	111636	
427	  0.066965	 19.246056	   2186.879623	   2186.879623	256994	   2186.892484	   2186.866768	0.0	      0.000000	329	111636	
428	  0.028699	 14.627717	   2186.838479	   2186.838479	271720	   2186.851340	   2186.825624	0.0	      0.000000	329	111636	
429	 -0.076532	 20.906097	   2186.822316	   2186.822316	277505	   2186.835177	   2186.809461	0.0	      0.000000	329	111636	
430	 -0.086098	 20.627102	   2186.766761	   2186.766761	297389	   2186.779622	   2186.753906	0.0	      0.000000	329	111636	
431	 -0.028699	 13.268875	   2186.753235	   2186.753235	302230	   2186.766096	   2186.740380	0.0	      0.000000	329	111636	
432	 -0.057399	 16.077793	   2186.735013	   2186.735013	308752	   2186.747874	   2186.722158	0.0	      0.000000	329	111636	
433	 -0.057399	 15.557298	   2186.719141	   2186.719141	314433	   2186.732001	   2186.706286	0.0	      0.000000	329	111636	
434	 -0.076532	 23.245842	   2186.700329	   2186.700329	321166	   2186.713189	   2186.687474	0.0	      0.000000	329	111636	
435	 -0.076532	 13.494558	   2186.677108	   2186.677108	329477	   2186.689969	   2186.664253	0.0	      0.000000	329	111636	
436	 -0.086098	 13.467562	   2186.654181	   2186.654181	337683	   2186.667041	   2186.641326	0.0	      0.000000	329	111636	
437	 -0.086098	 14.848785	   2186.618907	   2186.618907	350308	   2186.631768	   2186.606052	0.0	      0.000000	329	111636	
438	 -0.086098	 13.088056	   2186.591277	   2186.591277	360197	   2186.604138	   2186.578422	0.0	      0.000000	329	111636	
439	 -0.066965	 12.667452	   2186.546890	   2186.546890	376084	   2186.559750	   2186.534035	0.0	      0.000000	329	111636	
440	 -0.086098	 16.056149	   2186.514558	   2186.514558	387656	   2186.527419	   2186.501703	0.0	      0.000000	329	111636	
441	 -0.000000	4950.264160	   2184.476308	   2184.476308	68598	   2184.489169	   2184.463453	0.0	      0.000000	330	71153918	
442	 -0.000000	3381.882080	   2184.427308	   2184.427308	86136	   2184.440168	   2184.414453	0.0	      0.000000	330	71153918	
443	 -0.000000	3000.281494	   2184.392308	   2184.392308	98663	   2184.405168	   2184.379452	0.0	      0.000000	330	71153918	
444	 -0.000000	2542.291992	   2184.357307	   2184.357307	111190	   2184.370168	   2184.344452	0.0	      0.000000	330	71153918	
445	 -0.000000	2611.840576	   2184.336308	   2184.336308	118706	   2184.349169	   2184.323453	0.0	      0.000000	330	71153918	
446	 -0.000000	2754.283936	   2184.308310	   2184.308310	128727	   2184.321170	   2184.295455	0.0	      0.000000	330	71153918	
447	 -0.000000	2441.674561	   2184.287307	   2184.287307	136244	   2184.300168	   2184.274452	0.0	      0.000000	330	71153918	
448	 -0.000000	2195.861328	   2184.259309	   2184.259309	146265	   2184.272170	   2184.246454	0.0	      0.000000	330	71153918	
449	 -0.009566	2033.641846	   2184.238310	   2184.238310	153781	   2184.251170	   2184.225455	0.0	      0.000000	330	71153918	
450	 -0.000000	2063.802002	   2184.224309	   2184.224309	158792	   2184.237170	   2184.211454	0.0	      0.000000	330	71153918	
451	 -0.009566	2365.590088	   2184.203310	   2184.203310	166308	   2184.216170	   2184.190455	0.0	      0.000000	330	71153918	
452	 -0.000000	2487.261475	   2184.182307	   2184.182307	173825	   2184.195168	   2184.169452	0.0	      0.000000	330	71153918	
453	 -0.000000	1820.752075	   2184.168310	   2184.168310	178835	   2184.181170	   2184.155454	0.0	      0.000000	330	71153918	
454	 -0.000000	2597.486572	   2184.147307	   2184.147307	186352	   2184.160168	   2184.134452	0.0	      0.000000	330	71153918	
455	 -0.000000	1975.769531	   2184.133309	   2184.133309	191362	   2184.146170	   2184.120454	0.0	      0.000000	330	71153918	
456	 -0.000000	2454.056641	   2184.112307	   2184.112307	198879	   2184.125168	   2184.099452	0.0	      0.000000	330	71153918	
457	 -0.000000	2644.828857	   2184.098309	   2184.098309	203889	   2184.111170	   2184.085454	0.0	      0.000000	330	71153918	
458	 -0.000000	2130.371582	   2184.084309	   2184.084309	208900	   2184.097170	   2184.071454	0.0	      0.000000	330	71153918	
459	 -0.000000	1798.188477	   2184.063309	   2184.063309	216416	   2184.076170	   2184.050454	0.0	      0.000000	330	71153918	
460	 -0.000000	2506.302002	   2184.049309	   2184.049309	221427	   2184.062169	   2184.036454	0.0	      0.000000	330	71153918	
461	 -0.000000	2858.251221	   2184.035308	   2184.035308	226438	   2184.048169	   2184.022453	0.0	      0.000000	330	71153918	
462	 -0.000000	2893.330322	   2184.021308	   2184.021308	231449	   2184.034168	   2184.008453	0.0	      0.000000	330	71153918	
463	 -0.000000	2743.514404	   2184.007307	   2184.007307	236460	   2184.020168	   2183.994452	0.0	      0.000000	330	71153918	
464	 -0.000000	2782.365723	   2183.993309	   2183.993309	241470	   2184.006170	   2183.980454	0.0	      0.000000	330	71153918	
465	 -0.000000	2884.720947	   2183.979309	   2183.979309	246481	   2183.992169	   2183.966454	0.0	      0.000000	330	71153918	
466	 -0.000000	2789.493896	   2183.965308	   2183.965308	251492	   2183.978169	   2183.952453	0.0	      0.000000	330	71153918	
467	 -0.000000	2418.415527	   2183.951308	   2183.951308	256503	   2183.964168	   2183.938453	0.0	      0.000000	330	71153918	
468	 -0.000000	1790.708496	   2183.937307	   2183.937307	261514	   2183.950168	   2183.924452	0.0	      0.000000	330	71153918	
469	 -0.000000	2147.571777	   2183.916308	   2183.916308	269030	   2183.929168	   2183.903453	0.0	      0.000000	330	71153918	
470	 -0.000000	2612.310547	   2183.902307	   2183.902307	274041	   2183.915168	   2183.889452	0.0	      0.000000	330	71153918	
471	 -0.000000	2535.820801	   2183.888309	   2183.888309	279051	   2183.901170	   2183.875454	0.0	      0.000000	330	71153918	
472	 -0.000000	1963.158325	   2183.867307	   2183.867307	286568	   2183.880168	   2183.854452	0.0	      0.000000	330	71153918	
473	 -0.000000	2823.824951	   2183.853309	   2183.853309	291578	   2183.866170	   2183.840454	0.0	      0.000000	330	71153918	
474	 -0.000000	1970.575073	   2183.832307	   2183.832307	299095	   2183.845168	   2183.819452	0.0	      0.000000	330	71153918	
475	 -0.000000	2909.238281	   2183.818309	   2183.818309	304105	   2183.831170	   2183.805454	0.0	      0.000000	330	71153918	
476	 -0.000000	2779.859619	   2183.797307	   2183.797307	311622	   2183.810168	   2183.784452	0.0	      0.000000	330	71153918	
477	 -0.000000	2462.298340	   2183.776307	   2183.776307	319138	   2183.789168	   2183.763452	0.0	      0.000000	330	71153918	
478	 -0.000000	2493.091553	   2183.762307	   2183.762307	324149	   2183.775168	   2183.749452	0.0	      0.000000	330	71153918	
479	 -0.000000	2747.733643	   2183.741307	   2183.741307	331665	   2183.754168	   2183.728452	0.0	      0.000000	330	71153918	
480	 -0.000000	3126.363037	   2183.713309	   2183.713309	341686	   2183.726170	   2183.700454	0.0	      0.000000	330	71153918	
481	 -0.009566	3572.903320	   2183.692310	   2183.692310	349202	   2183.705170	   2183.679455	0.0	      0.000000	330	71153918	
482	 -0.000000	3582.509033	   2183.664308	   2183.664308	359224	   2183.677169	   2183.651453	0.0	      0.000000	330	71153918	
483	 -0.000000	3902.797363	   2183.643309	   2183.643309	366740	   2183.656170	   2183.630454	0.0	      0.000000	330	71153918	
484	 -0.000000	5028.527344	   2183.608309	   2183.608309	379267	   2183.621170	   2183.595454	0.0	      0.000000	330	71153918	
485	 -0.000000	6365.770996	   2183.573309	   2183.573309	391794	   2183.586170	   2183.560454	0.0	      0.000000	330	71153918	
486	 -0.000000	10402.875977	   2183.524308	   2183.524308	409332	   2183.537169	   2183.511453	0.0	      0.000000	330	71153918	
487	  0.047832	 15.529927	   2182.957113	   2182.957113	612339	   2182.969974	   2182.944258	0.0	      0.000000	330	71153918	
488	  0.047832	 15.386747	   2182.935069	   2182.935069	620229	   2182.947930	   2182.922214	0.0	      0.000000	330	71153918	
489	  0.047832	 23.101278	   2182.917137	   2182.917137	626647	   2182.929998	   2182.904282	0.0	      0.000000	330	71153918	
490	  0.047832	 26.109974	   2182.895386	   2182.895386	634432	   2182.908247	   2182.882531	0.0	      0.000000	330	71153918	
491	  0.047832	 16.591761	   2182.874222	   2182.874222	642007	   2182.887083	   2182.861367	0.0	      0.000000	330	71153918	
492	  0.047832	 22.001476	   2182.855997	   2182.855997	648530	   2182.868857	   2182.843142	0.0	      0.000000	330	71153918	
493	  0.047832	 24.785019	   2182.837478	   2182.837478	655158	   2182.850339	   2182.824623	0.0	      0.000000	330	71153918	
494	  0.047832	 21.424013	   2182.790741	   2182.790741	671886	   2182.803602	   2182.777886	0.0	      0.000000	330	71153918	
495	  0.047832	 19.321682	   2182.777514	   2182.777514	676620	   2182.790375	   2182.764659	0.0	      0.000000	330	71153918	
496	  0.047832	 10.090268	   2182.757526	   2182.757526	683774	   2182.770387	   2182.744671	0.0	      0.000000	330	71153918	
497	  0.076532	 14.622071	   2182.735476	   2182.735476	691666	   2182.748337	   2182.722621	0.0	      0.000000	330	71153918	
498	  0.066965	 18.934456	   2182.721076	   2182.721076	696820	   2182.733937	   2182.708221	0.0	      0.000000	330	71153918	
499	  0.047832	 17.233309	   2182.703441	   2182.703441	703132	   2182.716301	   2182.690586	0.0	      0.000000	330	71153918	
500	  0.028699	 14.235957	   2182.681695	   2182.681695	710915	   2182.694556	   2182.668840	0.0	      0.000000	330	71153918	
501	  0.028699	 16.134207	   2182.667292	   2182.667292	716070	   2182.680153	   2182.654437	0.0	      0.000000	330	71153918	
502	  0.066965	 15.091300	   2182.623192	   2182.623192	731854	   2182.636053	   2182.610337	0.0	      0.000000	330	71153918	
503	  0.066965	 14.164042	   2182.590271	   2182.590271	743637	   2182.603132	   2182.577416	0.0	      0.000000	330	71153918	
504	  0.047832	 11.547813	   2182.569696	   2182.569696	751001	   2182.582557	   2182.556841	0.0	      0.000000	330	71153918	
505	  0.028699	 11.548673	   2182.542366	   2182.542366	760783	   2182.555226	   2182.529511	0.0	      0.000000	330	71153918	
506	  0.066965	 16.379095	   2182.521489	   2182.521489	768255	   2182.534350	   2182.508634	0.0	      0.000000	330	71153918	
507	  0.028699	 15.562128	   2182.503859	   2182.503859	774565	   2182.516720	   2182.491004	0.0	      0.000000	330	71153918	
508	  0.019133	 19.018021	   2182.485050	   2182.485050	781297	   2182.497911	   2182.472195	0.0	      0.000000	330	71153918	
509	  0.028699	 10.635386	   2182.469762	   2182.469762	786769	   2182.482622	   2182.456907	0.0	      0.000000	330	71153918	
510	  0.047832	 11.022646	   2182.454177	   2182.454177	792347	   2182.467037	   2182.441322	0.0	      0.000000	330	71153918	
511	  0.028699	 14.539333	   2182.431255	   2182.431255	800551	   2182.444116	   2182.418400	0.0	      0.000000	330	71153918	
512	 -0.038266	 17.639809	   2182.413343	   2182.413343	806962	   2182.426204	   2182.400488	0.0	      0.000000	330	71153918	
513	  0.019133	 16.994516	   2182.381288	   2182.381288	818435	   2182.394148	   2182.368433	0.0	      0.000000	330	71153918	
514	 -0.047832	 21.669695	   2182.323986	   2182.323986	838944	   2182.336847	   2182.311131	0.0	      0.000000	330	71153918	
515	  0.009566	 11.687222	   2182.281350	   2182.281350	854204	   2182.294211	   2182.268495	0.0	      0.000000	330	71153918	
516	 -0.038266	 17.701193	   2182.268428	   2182.268428	858829	   2182.281289	   2182.255573	0.0	      0.000000	330	71153918	
517	 -0.038266	 12.018034	   2182.249616	   2182.249616	865562	   2182.262477	   2182.236761	0.0	      0.000000	330	71153918	
518	  0.047832	 15.425257	   2182.236658	   2182.236658	870200	   2182.249519	   2182.223803	0.0	      0.000000	330	71153918	
519	  0.009566	 21.561188	   2182.201985	   2182.201985	882610	   2182.214846	   2182.189130	0.0	      0.000000	330	71153918	
520	 -0.038266	 12.324285	   2182.178775	   2182.178775	890917	   2182.191636	   2182.165920	0.0	      0.000000	330	71153918	
521	 -0.009566	 10.840950	   2182.164954	   2182.164954	895864	   2182.177814	   2182.152099	0.0	      0.000000	330	71153918	
522	  0.047832	 10.019218	   2182.138780	   2182.138780	905232	   2182.151640	   2182.125925	0.0	      0.000000	330	71153918	
523	 -0.000000	 15.182339	   2182.120566	   2182.120566	911751	   2182.133427	   2182.107711	0.0	      0.000000	330	71153918	
524	 -0.047832	 12.019265	   2182.092948	   2182.092948	921636	   2182.105808	   2182.080092	0.0	      0.000000	330	71153918	
525	  0.028699	 11.585881	   2182.048540	   2182.048540	937530	   2182.061401	   2182.035685	0.0	      0.000000	330	71153918	
526	  0.047832	 12.537546	   2182.016206	   2182.016206	949103	   2182.029066	   2182.003351	0.0	      0.000000	330	71153918	
527	  0.086098	 37.844131	   2181.475182	   2181.475182	94167	   2181.488042	   2181.462327	0.0	      0.000000	331	10693120	
528	  0.086098	 49.259838	   2181.462248	   2181.462248	98796	   2181.475109	   2181.449393	0.0	      0.000000	331	10693120	
529	  0.086098	 70.524117	   2181.435499	   2181.435499	108370	   2181.448360	   2181.422644	0.0	      0.000000	331	10693120	
530	  0.066965	 65.621780	   2181.417570	   2181.417570	114787	   2181.430431	   2181.404715	0.0	      0.000000	331	10693120	
531	  0.086098	101.827164	   2181.395816	   2181.395816	122573	   2181.408677	   2181.382961	0.0	      0.000000	331	10693120	
532	  0.066965	 56.649616	   2181.374655	   2181.374655	130147	   2181.387515	   2181.361800	0.0	      0.000000	331	10693120	
533	  0.095665	 86.114059	   2181.356427	   2181.356427	136671	   2181.369288	   2181.343572	0.0	      0.000000	331	10693120	
534	  0.086098	 89.220253	   2181.337911	   2181.337911	143298	   2181.350772	   2181.325056	0.0	      0.000000	331	10693120	
535	  0.086098	 53.429634	   2181.316747	   2181.316747	150873	   2181.329608	   2181.303892	0.0	      0.000000	331	10693120	
536	  0.086098	107.256447	   2181.291174	   2181.291174	160026	   2181.304034	   2181.278319	0.0	      0.000000	331	10693120	
537	  0.076532	 89.074806	   2181.277947	   2181.277947	164760	   2181.290808	   2181.265092	0.0	      0.000000	331	10693120	
538	  0.066965	 60.333248	   2181.251787	   2181.251787	174123	   2181.264648	   2181.238932	0.0	      0.000000	331	10693120	
539	  0.086098	 99.605202	   2181.235912	   2181.235912	179805	   2181.248773	   2181.223057	0.0	      0.000000	331	10693120	
540	  0.086098	141.417648	   2181.221509	   2181.221509	184960	   2181.234370	   2181.208654	0.0	      0.000000	331	10693120	
541	  0.086098	128.785461	   2181.203873	   2181.203873	191272	   2181.216734	   2181.191018	0.0	      0.000000	331	10693120	
542	  0.066965	 93.404961	   2181.182122	   2181.182122	199057	   2181.194983	   2181.169267	0.0	      0.000000	331	10693120	
543	  0.086098	117.119751	   2181.167717	   2181.167717	204213	   2181.180577	   2181.154862	0.0	      0.000000	331	10693120	
544	  0.086098	140.751602	   2181.124215	   2181.124215	219783	   2181.137075	   2181.111360	0.0	      0.000000	331	10693120	
545	  0.086098	126.227402	   2181.090704	   2181.090704	231777	   2181.103564	   2181.077849	0.0	      0.000000	331	10693120	
546	  0.086098	114.430031	   2181.070129	   2181.070129	239141	   2181.082990	   2181.057274	0.0	      0.000000	331	10693120	
547	  0.076532	117.970100	   2181.042793	   2181.042793	248925	   2181.055653	   2181.029938	0.0	      0.000000	331	10693120	
548	  0.086098	172.950745	   2181.021922	   2181.021922	256395	   2181.034783	   2181.009067	0.0	      0.000000	331	10693120	
549	  0.076532	158.895142	   2181.004286	   2181.004286	262707	   2181.017147	   2180.991431	0.0	      0.000000	331	10693120	
550	  0.066965	166.457214	   2180.985475	   2180.985475	269440	   2180.998335	   2180.972620	0.0	      0.000000	331	10693120	
551	  0.086098	112.894997	   2180.970189	   2180.970189	274911	   2180.983049	   2180.957334	0.0	      0.000000	331	10693120	
552	  0.086098	129.443100	   2180.954610	   2180.954610	280487	   2180.967470	   2180.941755	0.0	      0.000000	331	10693120	
553	  0.086098	154.471512	   2180.931682	   2180.931682	288693	   2180.944543	   2180.918827	0.0	      0.000000	331	10693120	
554	  0.086098	181.201721	   2180.913751	   2180.913751	295111	   2180.926611	   2180.900896	0.0	      0.000000	331	10693120	
555	  0.086098	136.349060	   2180.897878	   2180.897878	300792	   2180.910739	   2180.885023	0.0	      0.000000	331	10693120	
556	  0.086098	171.957672	   2180.881712	   2180.881712	306578	   2180.894573	   2180.868857	0.0	      0.000000	331	10693120	
557	  0.086098	141.237228	   2180.840560	   2180.840560	321307	   2180.853420	   2180.827705	0.0	      0.000000	331	10693120	
558	  0.086098	161.561920	   2180.824394	   2180.824394	327093	   2180.837255	   2180.811539	0.0	      0.000000	331	10693120	
559	  0.086098	 88.328804	   2180.781772	   2180.781772	342348	   2180.794633	   2180.768917	0.0	      0.000000	331	10693120	
560	  0.086098	127.052841	   2180.768839	   2180.768839	346977	   2180.781699	   2180.755984	0.0	      0.000000	331	10693120	
561	  0.086098	 97.747986	   2180.755316	   2180.755316	351817	   2180.768177	   2180.742461	0.0	      0.000000	331	10693120	
562	  0.086098	105.352524	   2180.737091	   2180.737091	358340	   2180.749951	   2180.724236	0.0	      0.000000	331	10693120	
563	  0.086098	103.575836	   2180.721218	   2180.721218	364021	   2180.734079	   2180.708363	0.0	      0.000000	331	10693120	
564	  0.086098	156.107117	   2180.702407	   2180.702407	370754	   2180.715267	   2180.689551	0.0	      0.000000	331	10693120	
565	  0.086098	 82.563042	   2180.679186	   2180.679186	379065	   2180.692047	   2180.666331	0.0	      0.000000	331	10693120	
566	  0.086098	 72.718185	   2180.665370	   2180.665370	384010	   2180.678230	   2180.652515	0.0	      0.000000	331	10693120	
567	  0.086098	 55.406261	   2180.639210	   2180.639210	393373	   2180.652070	   2180.626355	0.0	      0.000000	331	10693120	
568	  0.086098	 77.451836	   2180.620985	   2180.620985	399896	   2180.633845	   2180.608130	0.0	      0.000000	331	10693120	
569	  0.086098	 60.806229	   2180.593355	   2180.593355	409785	   2180.606216	   2180.580500	0.0	      0.000000	331	10693120	
570	  0.086098	 32.647961	   2180.572778	   2180.572778	417150	   2180.585638	   2180.559923	0.0	      0.000000	331	10693120	
571	  0.086098	 46.907486	   2180.548970	   2180.548970	425671	   2180.561831	   2180.536115	0.0	      0.000000	331	10693120	
572	  0.086098	 51.730877	   2180.516636	   2180.516636	437244	   2180.529496	   2180.503781	0.0	      0.000000	331	10693120	
573	 -0.000000	 26.652079	   2180.032542	   2180.032542	610508	   2180.045402	   2180.019687	0.0	      0.000000	331	10693120	
574	 -0.000000	636.155701	   2179.971309	   2179.971309	632424	   2179.984170	   2179.958454	0.0	      0.000000	331	10693120	
575	 -0.000000	 30.287683	   2179.910074	   2179.910074	654341	   2179.922934	   2179.897219	0.0	      0.000000	331	10693120	
576	 -0.000000	248.724121	   2156.385832	   2156.385832	685387	   2156.398693	   2156.372977	0.0	      0.000000	339	365574	
577	 -0.009566	 19.302877	   2140.759850	   2140.759850	1035264	   2140.772710	   2140.746995	0.0	      0.000000	344	47	
578	 -0.000000	 13.432128	   2125.181635	   2125.181635	319468	   2125.194496	   2125.168780	0.0	      0.000000	350	923267	
579	 -0.009566	2902.690430	   2125.133864	   2125.133864	336566	   2125.146725	   2125.121009	0.0	      0.000000	350	923267	
580	 -0.028699	 10.060555	   2124.940061	   2124.940061	405931	   2124.952921	   2124.927206	0.0	      0.000000	350	923267	
581	 -0.000000	 66.706299	   2109.507879	   2109.507879	686444	   2109.520740	   2109.495024	0.0	      0.000000	355	1024	
582	 -0.076532	 15.324212	   2107.595034	   2107.595034	322502	   2107.607894	   2107.582179	0.0	      0.000000	356	6818	
583	 -0.076532	 15.571690	   2107.306207	   2107.306207	425877	   2107.319068	   2107.293352	0.0	      0.000000	356	6818	
584	 -0.076532	 10.434301	   2107.276122	   2107.276122	436645	   2107.288982	   2107.263267	0.0	      0.000000	356	6818	
585	 -0.066965	 10.933536	   2107.197896	   2107.197896	464643	   2107.210757	   2107.185041	0.0	      0.000000	356	6818	
586	 -0.066965	 14.188331	   2107.008353	   2107.008353	532483	   2107.021214	   2106.995498	0.0	      0.000000	356	6818	
587	 -0.076532	 19.281006	   2106.951192	   2106.951192	552942	   2106.964052	   2106.938337	0.0	      0.000000	356	6818	
588	 -0.076532	 11.039125	   2106.900045	   2106.900045	571248	   2106.912906	   2106.887190	0.0	      0.000000	356	6818	
589	 -0.066965	 14.528578	   2106.794743	   2106.794743	608937	   2106.807604	   2106.781888	0.0	      0.000000	356	6818	
590	 -0.066965	 11.410266	   2106.761649	   2106.761649	620782	   2106.774510	   2106.748794	0.0	      0.000000	356	6818	
591	 -0.076532	 14.915659	   2106.740591	   2106.740591	628319	   2106.753451	   2106.727736	0.0	      0.000000	356	6818	
592	 -0.066965	 12.483245	   2106.608210	   2106.608210	675700	   2106.621070	   2106.595355	0.0	      0.000000	356	6818	
593	 -0.066965	 11.505473	   2106.557063	   2106.557063	694006	   2106.569924	   2106.544208	0.0	      0.000000	356	6818	
594	 -0.066965	 11.241760	   2106.542021	   2106.542021	699390	   2106.554881	   2106.529166	0.0	      0.000000	356	6818	
595	 -0.076532	 13.306606	   2106.514944	   2106.514944	709081	   2106.527805	   2106.502089	0.0	      0.000000	356	6818	
596	 -0.066965	 11.205054	   2106.475832	   2106.475832	723080	   2106.488692	   2106.462977	0.0	      0.000000	356	6818	
597	 -0.066965	 17.816284	   2106.457780	   2106.457780	729541	   2106.470640	   2106.444925	0.0	      0.000000	356	6818	
598	 -0.066965	 10.244235	   2106.376548	   2106.376548	758615	   2106.389409	   2106.363693	0.0	      0.000000	356	6818	
599	 -0.066965	 19.171476	   2106.355487	   2106.355487	766153	   2106.368348	   2106.342632	0.0	      0.000000	356	6818	
600	 -0.076532	 10.973533	   2106.337438	   2106.337438	772613	   2106.350299	   2106.324583	0.0	      0.000000	356	6818	
601	 -0.076532	 17.390135	   2106.298325	   2106.298325	786612	   2106.311186	   2106.285470	0.0	      0.000000	356	6818	
602	 -0.066965	 17.685106	   2106.256203	   2106.256203	801688	   2106.269064	   2106.243348	0.0	      0.000000	356	6818	
603	 -0.076532	 10.885700	   2106.232136	   2106.232136	810302	   2106.244997	   2106.219281	0.0	      0.000000	356	6818	
604	 -0.066965	 20.580833	   2106.205057	   2106.205057	819994	   2106.217918	   2106.192202	0.0	      0.000000	356	6818	
605	 -0.066965	 14.691497	   2106.174972	   2106.174972	830762	   2106.187832	   2106.162116	0.0	      0.000000	356	6818	
606	 -0.066965	 11.656322	   2106.153911	   2106.153911	838300	   2106.166771	   2106.141056	0.0	      0.000000	356	6818	
607	 -0.066965	 14.995184	   2106.126834	   2106.126834	847991	   2106.139695	   2106.113979	0.0	      0.000000	356	6818	
608	 -0.066965	 15.026026	   2106.108782	   2106.108782	854452	   2106.121643	   2106.095927	0.0	      0.000000	356	6818	
609	 -0.066965	 28.997580	   2106.072679	   2106.072679	867374	   2106.085539	   2106.059824	0.0	      0.000000	356	6818	
610	 -0.076532	 20.853991	   2106.051621	   2106.051621	874911	   2106.064481	   2106.038766	0.0	      0.000000	356	6818	
611	 -0.076532	 25.176132	   2106.018526	   2106.018526	886756	   2106.031387	   2106.005671	0.0	      0.000000	356	6818	
612	 -0.066965	 17.896650	   2105.970386	   2105.970386	903986	   2105.983247	   2105.957531	0.0	      0.000000	356	6818	
613	 -0.066965	 10.430059	   2105.943310	   2105.943310	913677	   2105.956170	   2105.930455	0.0	      0.000000	356	6818	
614	 -0.076532	 10.818333	   2105.928267	   2105.928267	919061	   2105.941128	   2105.915412	0.0	      0.000000	356	6818	
615	 -0.076532	 25.887625	   2105.913224	   2105.913224	924445	   2105.926085	   2105.900369	0.0	      0.000000	356	6818	
616	 -0.076532	 46.155476	   2105.862078	   2105.862078	942751	   2105.874939	   2105.849223	0.0	      0.000000	356	6818	
617	 -0.066965	 12.666720	   2105.825974	   2105.825974	955673	   2105.838835	   2105.813119	0.0	      0.000000	356	6818	
618	 -0.066965	 27.680695	   2105.804913	   2105.804913	963211	   2105.817774	   2105.792058	0.0	      0.000000	356	6818	
619	 -0.076532	 12.389088	   2105.326547	   2105.326547	85849	   2105.339408	   2105.313692	0.0	      0.000000	357	48	
620	 -0.066965	 25.513399	   2105.218236	   2105.218236	124615	   2105.231097	   2105.205381	0.0	      0.000000	357	48	
621	 -0.076532	 10.742369	   2105.194169	   2105.194169	133229	   2105.207029	   2105.181314	0.0	      0.000000	357	48	
622	 -0.066965	 10.037964	   2105.170099	   2105.170099	141844	   2105.182959	   2105.157244	0.0	      0.000000	357	48	
623	 -0.066965	 11.082015	   2105.149038	   2105.149038	149382	   2105.161898	   2105.136183	0.0	      0.000000	357	48	
624	 -0.066965	 16.440826	   2105.133995	   2105.133995	154766	   2105.146856	   2105.121140	0.0	      0.000000	357	48	
625	 -0.066965	 11.963973	   2105.103910	   2105.103910	165534	   2105.116770	   2105.091055	0.0	      0.000000	357	48	
626	 -0.066965	 10.388059	   2105.067806	   2105.067806	178456	   2105.080667	   2105.054951	0.0	      0.000000	357	48	
627	 -0.066965	 11.942692	   2105.013650	   2105.013650	197839	   2105.026511	   2105.000795	0.0	      0.000000	357	48	
628	 -0.066965	 14.248242	   2104.980556	   2104.980556	209684	   2104.993417	   2104.967701	0.0	      0.000000	357	48	
629	 -0.076532	 14.086535	   2104.944455	   2104.944455	222605	   2104.957316	   2104.931600	0.0	      0.000000	357	48	
630	 -0.076532	 13.079141	   2104.791016	   2104.791016	277523	   2104.803877	   2104.778161	0.0	      0.000000	357	48	
631	 -0.076532	 12.118417	   2104.754912	   2104.754912	290445	   2104.767773	   2104.742057	0.0	      0.000000	357	48	
632	 -0.076532	 10.451968	   2104.721818	   2104.721818	302290	   2104.734678	   2104.708963	0.0	      0.000000	357	48	
633	 -0.066965	 14.121696	   2104.517232	   2104.517232	375514	   2104.530093	   2104.504377	0.0	      0.000000	357	48	
634	 -0.000000	 21.160925	   2100.000001	   2100.000001	943718	   2100.012862	   2099.987146	0.0	      0.000000	358	8	
635	 -0.009566	 22.838455	   2093.881896	   2093.881896	1036321	   2093.894757	   2093.869041	0.0	      0.000000	360	58	
636	 -0.009566	 10.809433	   2090.952209	   2090.952209	1036321	   2090.965069	   2090.939354	0.0	      0.000000	361	1	
637	 -0.009566	 22.535427	   2078.255911	   2078.255911	337623	   2078.268772	   2078.243056	0.0	      0.000000	366	105	
638	  0.210463	 11.259227	   2071.600252	   2071.600252	622624	   2071.613113	   2071.587397	0.0	      0.000000	368	284	
639	  0.095665	 11.887220	   2071.328204	   2071.328204	719994	   2071.341064	   2071.315349	0.0	      0.000000	368	284	
640	  0.076532	 15.988664	   2071.186259	   2071.186259	770798	   2071.199120	   2071.173404	0.0	      0.000000	368	284	
641	 -0.086098	 14.049039	   2071.065051	   2071.065051	814180	   2071.077912	   2071.052196	0.0	      0.000000	368	284	
642	  0.105231	 16.184767	   2071.014726	   2071.014726	832192	   2071.027587	   2071.001871	0.0	      0.000000	368	284	
643	 -0.038266	 14.731423	   2062.441825	   2062.441825	754825	   2062.454685	   2062.428970	0.0	      0.000000	371	12	
644	 -0.009566	 50.790718	   2015.751975	   2015.751975	688557	   2015.764836	   2015.739120	0.0	      0.000000	387	485	
645	 -0.000000	 12.686669	   2002.929686	   2002.929686	34953	   2002.942547	   2002.916831	0.0	      0.000000	392	632	
646	 -0.009566	 77.579941	   2000.125990	   2000.125990	1038435	   2000.138851	   2000.113135	0.0	      0.000000	392	632	
647	 -0.000000	 89.645241	   1999.999999	   1999.999999	34953	   2000.012859	   1999.987144	0.0	      0.000000	393	401	
648	 -0.000000	 21.604641	   1998.608318	   1998.608318	533055	   1998.621178	   1998.595463	0.0	      0.000000	393	401	
649	 -0.009566	 44.730007	   1997.196302	   1997.196302	1038435	   1997.209163	   1997.183447	0.0	      0.000000	393	401	
650	 -0.000000	 10.189935	   1989.244100	   1989.244100	738911	   1989.256961	   1989.231245	0.0	      0.000000	396	7	
651	 -0.000000	 15.142425	   1989.108501	   1989.108501	787444	   1989.121361	   1989.095646	0.0	      0.000000	396	7	
652	 -0.000000	 10.348027	   1988.974600	   1988.974600	835369	   1988.987460	   1988.961745	0.0	      0.000000	396	7	
653	 -0.000000	 11.429950	   1988.030300	   1988.030300	124771	   1988.043161	   1988.017445	0.0	      0.000000	397	24	
654	 -0.000000	 11.231248	   1987.850500	   1987.850500	189124	   1987.863361	   1987.837645	0.0	      0.000000	397	24	
655	 -0.000000	 10.815548	   1987.624300	   1987.624300	270084	   1987.637161	   1987.611445	0.0	      0.000000	397	24	
656	 -0.000000	 12.848663	   1987.173600	   1987.173600	431396	   1987.186460	   1987.160745	0.0	      0.000000	397	24	
657	 -0.000000	 11.224557	   1987.038500	   1987.038500	479750	   1987.051361	   1987.025645	0.0	      0.000000	397	24	
658	 -0.000000	 10.159198	   1986.993900	   1986.993900	495713	   1987.006761	   1986.981045	0.0	      0.000000	397	24	
659	 -0.000000	 13.058480	   1986.859200	   1986.859200	543924	   1986.872061	   1986.846345	0.0	      0.000000	397	24	
660	 -0.000000	 11.279039	   1986.723201	   1986.723201	592600	   1986.736062	   1986.710346	0.0	      0.000000	397	24	
661	 -0.000000	 10.357453	   1986.499200	   1986.499200	672773	   1986.512061	   1986.486345	0.0	      0.000000	397	24	
662	 -0.000000	 11.094269	   1986.411799	   1986.411799	704055	   1986.424660	   1986.398944	0.0	      0.000000	397	24	
663	 -0.000000	 10.240840	   1986.367800	   1986.367800	719803	   1986.380661	   1986.354945	0.0	      0.000000	397	24	
664	 -0.000000	 10.065191	   1984.056901	   1984.056901	498330	   1984.069761	   1984.044046	0.0	      0.000000	398	2	
665	 -0.000000	 17.513430	   1939.481300	   1939.481300	723919	   1939.494161	   1939.468445	0.0	      0.000000	413	8	
666	  0.009566	 11.335934	   1937.466201	   1937.466201	396575	   1937.479062	   1937.453346	0.0	      0.000000	414	1	
667	  0.019133	 13.524488	   1928.867391	   1928.867391	328481	   1928.880252	   1928.854536	0.0	      0.000000	417	12036644	
668	 -0.038266	 11.224453	   1928.681405	   1928.681405	395048	   1928.694266	   1928.668550	0.0	      0.000000	417	12036644	
669	 -0.028699	 10.046206	   1928.662965	   1928.662965	401648	   1928.675825	   1928.650110	0.0	      0.000000	417	12036644	
670	  5.376367	 16.461601	   1928.624964	   1928.624964	415249	   1928.637825	   1928.612109	0.0	      0.000000	417	12036644	
671	 -0.076532	 14.129456	   1928.607563	   1928.607563	421477	   1928.620424	   1928.594708	0.0	      0.000000	417	12036644	
672	 -0.038266	 10.574282	   1928.588193	   1928.588193	428410	   1928.601053	   1928.575337	0.0	      0.000000	417	12036644	
673	 -0.086098	 17.261881	   1928.551164	   1928.551164	441663	   1928.564025	   1928.538309	0.0	      0.000000	417	12036644	
674	-11.058862	 11.938146	   1928.524364	   1928.524364	451255	   1928.537225	   1928.511509	0.0	      0.000000	417	12036644	
675	  5.376367	 10.062259	   1928.494564	   1928.494564	461921	   1928.507425	   1928.481709	0.0	      0.000000	417	12036644	
676	-11.058862	 49.670128	   1928.448665	   1928.448665	478349	   1928.461525	   1928.435810	0.0	      0.000000	417	12036644	
677	  5.376367	 23.917059	   1928.401164	   1928.401164	495350	   1928.414025	   1928.388309	0.0	      0.000000	417	12036644	
678	 -0.086098	 14.807263	   1928.291965	   1928.291965	534434	   1928.304826	   1928.279110	0.0	      0.000000	417	12036644	
679	 -0.105231	 15.975532	   1928.272966	   1928.272966	541234	   1928.285827	   1928.260111	0.0	      0.000000	417	12036644	
680	 -0.086098	 10.128981	   1928.254464	   1928.254464	547856	   1928.267325	   1928.241609	0.0	      0.000000	417	12036644	
681	-11.058862	 16.029070	   1928.184665	   1928.184665	572838	   1928.197526	   1928.171810	0.0	      0.000000	417	12036644	
682	-11.058862	 13.185241	   1928.118066	   1928.118066	596675	   1928.130926	   1928.105211	0.0	      0.000000	417	12036644	
683	-11.058862	 12.062802	   1928.077765	   1928.077765	611099	   1928.090626	   1928.064910	0.0	      0.000000	417	12036644	
684	 -0.086098	 13.510612	   1928.013364	   1928.013364	634149	   1928.026225	   1928.000509	0.0	      0.000000	417	12036644	
685	 -0.086098	 12.606142	   1927.956865	   1927.956865	654371	   1927.969725	   1927.944010	0.0	      0.000000	417	12036644	
686	 16.540461	 47.680061	   1926.718411	   1926.718411	49055	   1926.731271	   1926.705556	0.0	      0.000000	418	60293026	
687	 16.540461	 28.929266	   1926.664711	   1926.664711	68275	   1926.677571	   1926.651856	0.0	      0.000000	418	60293026	
688	  5.577263	 13.641003	   1926.642811	   1926.642811	76113	   1926.655672	   1926.629956	0.0	      0.000000	418	60293026	
689	  5.577263	 15.461016	   1926.621211	   1926.621211	83844	   1926.634072	   1926.608356	0.0	      0.000000	418	60293026	
690	 16.540461	 18.156206	   1926.524311	   1926.524311	118526	   1926.537172	   1926.511456	0.0	      0.000000	418	60293026	
691	  5.577263	 11.868662	   1926.476012	   1926.476012	135813	   1926.488872	   1926.463157	0.0	      0.000000	418	60293026	
692	  5.577263	 13.751218	   1926.452612	   1926.452612	144188	   1926.465473	   1926.439757	0.0	      0.000000	418	60293026	
693	-10.848399	 10.902804	   1926.417713	   1926.417713	156679	   1926.430573	   1926.404858	0.0	      0.000000	418	60293026	
694	  5.577263	 70.315475	   1926.386912	   1926.386912	167703	   1926.399773	   1926.374057	0.0	      0.000000	418	60293026	
695	 16.540461	 35.267525	   1926.346511	   1926.346511	182163	   1926.359372	   1926.333656	0.0	      0.000000	418	60293026	
696	 -0.009566	 16.400612	   1925.182064	   1925.182064	598935	   1925.194924	   1925.169209	0.0	      0.000000	418	60293026	
697	  5.405066	 10.233039	   1925.138975	   1925.138975	614357	   1925.151836	   1925.126120	0.0	      0.000000	418	60293026	
698	 -0.009566	 23.609421	   1925.057863	   1925.057863	643388	   1925.070724	   1925.045008	0.0	      0.000000	418	60293026	
699	 -5.481599	 56.239037	   1925.000763	   1925.000763	663825	   1925.013624	   1924.987908	0.0	      0.000000	418	60293026	
700	 -0.000000	 12.734370	   1924.944861	   1924.944861	683833	   1924.957722	   1924.932006	0.0	      0.000000	418	60293026	
701	 -0.000000	 10.429023	   1924.921962	   1924.921962	692029	   1924.934823	   1924.909107	0.0	      0.000000	418	60293026	
702	 -0.009566	 21.096584	   1924.710263	   1924.710263	767799	   1924.723124	   1924.697408	0.0	      0.000000	418	60293026	
703	 -5.481599	 16.437925	   1924.662863	   1924.662863	784764	   1924.675724	   1924.650008	0.0	      0.000000	418	60293026	
704	 -5.481599	 14.514175	   1924.642264	   1924.642264	792137	   1924.655124	   1924.629408	0.0	      0.000000	418	60293026	
705	 -0.000000	 51.579865	   1923.266528	   1923.266528	235956	   1923.279388	   1923.253673	0.0	      0.000000	419	46713271	
706	 -0.000000	 14.086409	   1923.211218	   1923.211218	255752	   1923.224079	   1923.198363	0.0	      0.000000	419	46713271	
707	 -0.000000	 11.080816	   1923.183919	   1923.183919	265523	   1923.196779	   1923.171064	0.0	      0.000000	419	46713271	
708	 -0.000000	 10.428976	   1923.000319	   1923.000319	331236	   1923.013179	   1922.987464	0.0	      0.000000	419	46713271	
709	 -0.000000	 21.797451	   1922.934328	   1922.934328	354855	   1922.947188	   1922.921473	0.0	      0.000000	419	46713271	
710	  5.491165	 13.201473	   1922.103189	   1922.103189	652331	   1922.116050	   1922.090334	0.0	      0.000000	419	46713271	
711	-21.878563	 13.282805	   1921.834589	   1921.834589	748467	   1921.847449	   1921.821734	0.0	      0.000000	419	46713271	
712	-21.878563	 13.197159	   1921.732089	   1921.732089	785153	   1921.744950	   1921.719234	0.0	      0.000000	419	46713271	
713	-21.878563	 23.681925	   1921.712889	   1921.712889	792025	   1921.725750	   1921.700034	0.0	      0.000000	419	46713271	
714	-21.878563	 13.159093	   1921.632889	   1921.632889	820658	   1921.645750	   1921.620034	0.0	      0.000000	419	46713271	
715	-21.878563	 32.038265	   1921.595489	   1921.595489	834044	   1921.608350	   1921.582634	0.0	      0.000000	419	46713271	
716	-21.878563	102.921219	   1921.538489	   1921.538489	854445	   1921.551350	   1921.525634	0.0	      0.000000	419	46713271	
717	-21.878563	 44.106266	   1921.488190	   1921.488190	872448	   1921.501050	   1921.475335	0.0	      0.000000	419	46713271	
718	  5.491165	 57.875786	   1921.456291	   1921.456291	883865	   1921.469152	   1921.443436	0.0	      0.000000	419	46713271	
719	  5.491165	 18.826929	   1921.421791	   1921.421791	896213	   1921.434652	   1921.408936	0.0	      0.000000	419	46713271	
720	  5.491165	 10.969851	   1921.378191	   1921.378191	911818	   1921.391052	   1921.365336	0.0	      0.000000	419	46713271	
721	-21.878563	 16.902521	   1921.338690	   1921.338690	925956	   1921.351551	   1921.325835	0.0	      0.000000	419	46713271	
722	  5.491165	 12.928283	   1921.309691	   1921.309691	936335	   1921.322552	   1921.296836	0.0	      0.000000	419	46713271	
723	-21.897696	 23.882917	   1921.282593	   1921.282593	946034	   1921.295453	   1921.269738	0.0	      0.000000	419	46713271	
724	  5.491165	 67.669128	   1921.217192	   1921.217192	969442	   1921.230052	   1921.204337	0.0	      0.000000	419	46713271	
725	  5.491165	 61.592781	   1921.199492	   1921.199492	975777	   1921.212352	   1921.186637	0.0	      0.000000	419	46713271	
726	  5.491165	 41.067017	   1921.180792	   1921.180792	982470	   1921.193652	   1921.167937	0.0	      0.000000	419	46713271	
727	 -0.000000	 71.478012	   1899.999999	   1899.999999	174763	   1900.012860	   1899.987144	0.0	      0.000000	427	131	
728	  0.019133	 27.562614	   1891.106568	   1891.106568	212118	   1891.119429	   1891.093713	0.0	      0.000000	430	16	
729	  0.019133	125.412979	   1875.121150	   1875.121150	690642	   1875.134010	   1875.108295	0.0	      0.000000	435	54640	
730	 -0.038266	 38.953064	   1874.947114	   1874.947114	752932	   1874.959974	   1874.934258	0.0	      0.000000	435	54640	
731	 -0.000000	116.407074	   1860.499691	   1860.499691	680986	   1860.512551	   1860.486836	0.0	      0.000000	440	34848	
732	 -0.000000	 15.340153	   1849.999999	   1849.999999	244668	   1850.012860	   1849.987144	0.0	      0.000000	444	2	
733	 -0.019133	 10.152822	   1846.289068	   1846.289068	524286	   1846.301929	   1846.276213	0.0	      0.000000	445	3	
734	  0.019133	 10.605806	   1843.359369	   1843.359369	524290	   1843.372230	   1843.346514	0.0	      0.000000	446	22	
735	  0.076532	 14.150924	   1840.429676	   1840.429676	524292	   1840.442537	   1840.416821	0.0	      0.000000	447	139	
736	  1.588037	 23.064875	   1837.533762	   1837.533762	512204	   1837.546623	   1837.520907	0.0	      0.000000	448	18538	
737	 -0.000000	183.406647	   1830.937501	   1830.937501	775946	   1830.950361	   1830.924646	0.0	      0.000000	450	105204	
738	  0.009566	 10.627886	   1824.751952	   1824.751952	892688	   1824.764813	   1824.739097	0.0	      0.000000	452	1	
739	 -0.000000	891.026489	   1799.999999	   1799.999999	314573	   1800.012860	   1799.987144	0.0	      0.000000	461	105220	
740	 -0.000000	 14.791762	   1790.000001	   1790.000001	747984	   1790.012861	   1789.987146	0.0	      0.000000	464	2	
741	 -0.000000	 27.006889	   1779.999999	   1779.999999	132820	   1780.012860	   1779.987144	0.0	      0.000000	468	15	
742	  0.038266	 10.276196	   1775.027340	   1775.027340	864028	   1775.040201	   1775.014485	0.0	      0.000000	469	71456	
743	  0.516590	 14.081064	   1774.983234	   1774.983234	879814	   1774.996095	   1774.970379	0.0	      0.000000	469	71456	
744	 -1.568904	 39.883869	   1774.968491	   1774.968491	885091	   1774.981351	   1774.955636	0.0	      0.000000	469	71456	
745	 -0.363527	 17.805363	   1774.949930	   1774.949930	891734	   1774.962791	   1774.937075	0.0	      0.000000	469	71456	
746	 -0.000000	123.066887	   1770.000000	   1770.000000	566231	   1770.012861	   1769.987145	0.0	      0.000000	471	128	
747	 -0.000000	121.460541	   1760.000001	   1760.000001	999642	   1760.012862	   1759.987146	0.0	      0.000000	474	509	
748	  0.009566	 36.265026	   1758.397337	   1758.397337	524682	   1758.410197	   1758.384482	0.0	      0.000000	475	40	
749	  0.076532	 10.595644	   1750.039730	   1750.039730	370258	   1750.052590	   1750.026875	0.0	      0.000000	478	785344	
750	 -0.000000	293.035217	   1750.000000	   1750.000000	384478	   1750.012860	   1749.987145	0.0	      0.000000	478	785344	
751	 -0.019133	267.377655	   1749.985555	   1749.985555	389648	   1749.998415	   1749.972700	0.0	      0.000000	478	785344	
752	 -0.000000	118.189682	   1740.000001	   1740.000001	817889	   1740.012861	   1739.987146	0.0	      0.000000	481	176	
753	 -0.038266	 35.926338	   1733.987198	   1733.987198	872803	   1734.000058	   1733.974343	0.0	      0.000000	483	435	
754	 -0.000000	 48.481716	   1729.999999	   1729.999999	202725	   1730.012860	   1729.987144	0.0	      0.000000	485	32	
755	 -0.000000	 36.243237	   1720.000000	   1720.000000	636136	   1720.012861	   1719.987145	0.0	      0.000000	488	9	
756	 -0.162630	 65.042564	   1712.512723	   1712.512723	170209	   1712.525583	   1712.499868	0.0	      0.000000	491	171152	
757	 -0.162630	 38.370491	   1712.482534	   1712.482534	181014	   1712.495395	   1712.469679	0.0	      0.000000	491	171152	
758	 -0.000000	176.921158	   1700.000000	   1700.000000	454383	   1700.012860	   1699.987145	0.0	      0.000000	495	105048	
759	  0.086098	 79.472832	   1691.004594	   1691.004594	528236	   1691.017455	   1690.991739	0.0	      0.000000	498	165299	
760	  0.047832	 23.124437	   1690.970108	   1690.970108	540579	   1690.982969	   1690.957253	0.0	      0.000000	498	165299	
761	 -0.000000	 10.926582	   1683.346578	   1683.346578	123419	   1683.359438	   1683.333723	0.0	      0.000000	501	4052	
762	 -0.009566	 74.673492	   1683.319487	   1683.319487	133115	   1683.332348	   1683.306632	0.0	      0.000000	501	4052	
763	 -0.019133	 10.533901	   1681.251708	   1681.251708	873202	   1681.264569	   1681.238853	0.0	      0.000000	501	4052	
764	  0.076532	 32.244549	   1662.013262	   1662.013262	418878	   1662.026123	   1662.000407	0.0	      0.000000	508	1439	
765	 -0.114798	 36.242569	   1661.962635	   1661.962635	436998	   1661.975496	   1661.949780	0.0	      0.000000	508	1439	
