# -------------------------- o --------------------------
# File ID: spliced_blc0x1x2x_guppi_59524_16185_ON_S_0030.rawspec.0000.h5 
# -------------------------- o --------------------------
# Source:ON_S
# MJD: 59524.187326388892	RA: 2h39m23.04s	DEC: 60d52m06.96s
# DELTAT:  18.253611	DELTAF(Hz):  -2.793968	max_drift_rate:  31.515000	obs_length: 292.057776
# --------------------------
# Top_Hit_# 	Drift_Rate 	SNR 	Uncorrected_Frequency 	Corrected_Frequency 	Index 	freq_start 	freq_end 	SEFD 	SEFD_freq 	Coarse_Channel_Number 	Full_number_of_hits 	
# --------------------------
001	  0.105231	329.082520	   3150.900409	   3150.900409	202019	   3150.913270	   3150.887554	0.0	      0.000000	0	71391679	
002	  0.019133	2944.756104	   3150.600278	   3150.600278	309440	   3150.613139	   3150.587423	0.0	      0.000000	0	71391679	
003	 -0.086098	276.429718	   3150.488204	   3150.488204	349553	   3150.501065	   3150.475349	0.0	      0.000000	0	71391679	
004	  0.019133	229075.406250	   3150.300139	   3150.300139	416864	   3150.313000	   3150.287284	0.0	      0.000000	0	71391679	
005	 -0.076532	591.338989	   3150.244112	   3150.244112	436917	   3150.256972	   3150.231257	0.0	      0.000000	0	71391679	
006	  0.009566	 21.636290	   3150.188045	   3150.188045	456984	   3150.200906	   3150.175190	0.0	      0.000000	0	71391679	
007	  0.153064	 17.281696	   3150.168080	   3150.168080	464130	   3150.180940	   3150.155224	0.0	      0.000000	0	71391679	
008	  0.114798	 26.799822	   3150.132001	   3150.132001	477043	   3150.144862	   3150.119146	0.0	      0.000000	0	71391679	
009	 -0.019133	 37.035614	   3150.112074	   3150.112074	484175	   3150.124935	   3150.099219	0.0	      0.000000	0	71391679	
010	 -0.000000	208.407913	   3150.091553	   3150.091553	491520	   3150.104413	   3150.078698	0.0	      0.000000	0	71391679	
011	 -0.000000	 98.508629	   3150.042669	   3150.042669	509016	   3150.055530	   3150.029814	0.0	      0.000000	0	71391679	
012	 -0.000000	 66.849762	   3150.021664	   3150.021664	516534	   3150.034525	   3150.008809	0.0	      0.000000	0	71391679	
013	  0.019133	66327.250000	   3149.999997	   3149.999997	524289	   3150.012858	   3149.987142	0.0	      0.000000	0	71391679	
014	 -0.000000	 66.849762	   3149.978336	   3149.978336	532042	   3149.991196	   3149.965481	0.0	      0.000000	0	71391679	
015	 -0.000000	 98.508629	   3149.957331	   3149.957331	539560	   3149.970191	   3149.944475	0.0	      0.000000	0	71391679	
016	 -0.000000	208.407913	   3149.908447	   3149.908447	557056	   3149.921308	   3149.895592	0.0	      0.000000	0	71391679	
017	  0.019133	 37.035614	   3149.887926	   3149.887926	564401	   3149.900786	   3149.875071	0.0	      0.000000	0	71391679	
018	 -0.114798	 26.799824	   3149.867999	   3149.867999	571533	   3149.880860	   3149.855144	0.0	      0.000000	0	71391679	
019	 -0.143497	 17.281696	   3149.831920	   3149.831920	584446	   3149.844781	   3149.819065	0.0	      0.000000	0	71391679	
020	 -0.009566	 21.636290	   3149.811955	   3149.811955	591592	   3149.824815	   3149.799100	0.0	      0.000000	0	71391679	
021	  0.076532	591.338928	   3149.755888	   3149.755888	611659	   3149.768749	   3149.743033	0.0	      0.000000	0	71391679	
022	 -0.019133	229075.406250	   3149.699861	   3149.699861	631712	   3149.712721	   3149.687006	0.0	      0.000000	0	71391679	
023	  0.086098	276.429688	   3149.511796	   3149.511796	699023	   3149.524657	   3149.498941	0.0	      0.000000	0	71391679	
024	 -0.019133	2944.755615	   3149.399722	   3149.399722	739136	   3149.412582	   3149.386867	0.0	      0.000000	0	71391679	
025	 -0.105231	329.082520	   3149.099591	   3149.099591	846557	   3149.112451	   3149.086736	0.0	      0.000000	0	71391679	
026	  5.385934	102.485039	   3147.070120	   3147.070120	524357	   3147.082980	   3147.057265	0.0	      0.000000	1	222187	
027	 -0.000000	1114.197632	   3146.314114	   3146.314114	794942	   3146.326975	   3146.301259	0.0	      0.000000	1	222187	
028	 -0.000000	1486.435059	   3145.557913	   3145.557913	17021	   3145.570773	   3145.545058	0.0	      0.000000	2	402796	
029	 -0.000000	141.241760	   3144.903124	   3144.903124	251379	   3144.915985	   3144.890269	0.0	      0.000000	2	402796	
030	 -0.000000	254.803619	   3144.471171	   3144.471171	405981	   3144.484032	   3144.458316	0.0	      0.000000	2	402796	
031	 -0.411359	 40.732224	   3144.140639	   3144.140639	524283	   3144.153500	   3144.127784	0.0	      0.000000	2	402796	
032	 -0.000000	 14.750328	   3143.365400	   3143.365400	801752	   3143.378260	   3143.352544	0.0	      0.000000	2	402796	
033	 -0.000000	 37.397949	   3143.088962	   3143.088962	900693	   3143.101822	   3143.076107	0.0	      0.000000	2	402796	
034	 -0.000000	 10.608645	   3142.996811	   3142.996811	933675	   3143.009672	   3142.983956	0.0	      0.000000	2	402796	
035	 -0.000000	2809.779053	   3142.628225	   3142.628225	17021	   3142.641086	   3142.615370	0.0	      0.000000	3	2391977	
036	 -0.000000	 13.770968	   3142.167491	   3142.167491	181924	   3142.180352	   3142.154636	0.0	      0.000000	3	2391977	
037	 -0.000000	 18.435326	   3141.891054	   3141.891054	280865	   3141.903914	   3141.878198	0.0	      0.000000	3	2391977	
038	 -0.000000	 71.746391	   3141.706755	   3141.706755	346828	   3141.719616	   3141.693900	0.0	      0.000000	3	2391977	
039	 -0.000000	 10.090830	   3141.519811	   3141.519811	413738	   3141.532671	   3141.506956	0.0	      0.000000	3	2391977	
040	 -0.000000	 67.767464	   3141.246019	   3141.246019	511732	   3141.258879	   3141.233164	0.0	      0.000000	3	2391977	
041	-29.129961	 33.936859	   3141.212002	   3141.212002	523907	   3141.224863	   3141.199147	0.0	      0.000000	3	2391977	
042	 -0.000000	49387.093750	   3140.785282	   3140.785282	676636	   3140.798143	   3140.772427	0.0	      0.000000	3	2391977	
043	 -0.000000	 10.004334	   3140.693134	   3140.693134	709617	   3140.705995	   3140.680279	0.0	      0.000000	3	2391977	
044	 -0.000000	 19.483847	   3140.508847	   3140.508847	775576	   3140.521708	   3140.495992	0.0	      0.000000	3	2391977	
045	 -0.000000	 40.790844	   3140.416696	   3140.416696	808558	   3140.429557	   3140.403841	0.0	      0.000000	3	2391977	
046	 -0.000000	 14.540618	   3140.324548	   3140.324548	841539	   3140.337409	   3140.311693	0.0	      0.000000	3	2391977	
047	 -0.000000	 15.886803	   3140.140247	   3140.140247	907503	   3140.153108	   3140.127392	0.0	      0.000000	3	2391977	
048	 -0.000000	 63.790653	   3140.048110	   3140.048110	940480	   3140.060971	   3140.035255	0.0	      0.000000	3	2391977	
049	 -0.000000	 98.498146	   3140.000001	   3140.000001	957699	   3140.012862	   3139.987146	0.0	      0.000000	3	2391977	
050	 -0.000000	 33.810535	   3139.863812	   3139.863812	1006443	   3139.876673	   3139.850957	0.0	      0.000000	3	2391977	
051	 -0.009566	 92.499763	   3139.806251	   3139.806251	1027045	   3139.819111	   3139.793396	0.0	      0.000000	3	2391977	
052	 -0.000000	 10.567905	   3139.403076	   3139.403076	122771	   3139.415936	   3139.390220	0.0	      0.000000	4	1181527	
053	 -0.000000	 14.785074	   3139.310925	   3139.310925	155753	   3139.323786	   3139.298070	0.0	      0.000000	4	1181527	
054	 -0.000000	5880.557129	   3138.942339	   3138.942339	287675	   3138.955200	   3138.929484	0.0	      0.000000	4	1181527	
055	-18.090233	 42.341503	   3138.281912	   3138.281912	524051	   3138.294773	   3138.269057	0.0	      0.000000	4	1181527	
056	 -0.000000	 15.052832	   3138.020869	   3138.020869	617482	   3138.033730	   3138.008014	0.0	      0.000000	4	1181527	
057	 -0.000000	 12.656467	   3137.467982	   3137.467982	815368	   3137.480843	   3137.455127	0.0	      0.000000	4	1181527	
058	 -0.000000	4454.231445	   3137.099396	   3137.099396	947290	   3137.112257	   3137.086541	0.0	      0.000000	4	1181527	
059	 -0.009566	 37.440662	   3136.876563	   3136.876563	1027045	   3136.889424	   3136.863708	0.0	      0.000000	4	1181527	
060	 -0.000000	 29.170496	   3136.711783	   3136.711783	37446	   3136.724644	   3136.698928	0.0	      0.000000	5	965523	
061	 -0.000000	 20.261856	   3136.638660	   3136.638660	63618	   3136.651520	   3136.625805	0.0	      0.000000	5	965523	
062	 -0.000000	 14.772964	   3136.362224	   3136.362224	162558	   3136.375085	   3136.349369	0.0	      0.000000	5	965523	
063	 -0.000000	 12.297388	   3135.717189	   3135.717189	393425	   3135.730050	   3135.704334	0.0	      0.000000	5	965523	
064	 -0.000000	 10.918310	   3135.625039	   3135.625039	426407	   3135.637899	   3135.612184	0.0	      0.000000	5	965523	
065	 16.454363	 45.190029	   3135.350965	   3135.350965	524502	   3135.363825	   3135.338110	0.0	      0.000000	5	965523	
066	 -0.000000	61076.000000	   3135.256453	   3135.256453	558329	   3135.269314	   3135.243598	0.0	      0.000000	5	965523	
067	 -0.000000	 12.044591	   3135.072155	   3135.072155	624292	   3135.085015	   3135.059300	0.0	      0.000000	5	965523	
068	 -0.000000	 35.437641	   3134.887867	   3134.887867	690251	   3134.900728	   3134.875012	0.0	      0.000000	5	965523	
069	 -0.000000	 65.550636	   3134.795717	   3134.795717	723233	   3134.808577	   3134.782862	0.0	      0.000000	5	965523	
070	  0.009566	 19.281742	   3134.725493	   3134.725493	748367	   3134.738354	   3134.712638	0.0	      0.000000	5	965523	
071	 -0.000000	 17.936386	   3134.703566	   3134.703566	756215	   3134.716427	   3134.690711	0.0	      0.000000	5	965523	
072	 -0.000000	 28.653641	   3134.611418	   3134.611418	789196	   3134.624279	   3134.598563	0.0	      0.000000	5	965523	
073	 -0.000000	145.497299	   3134.519281	   3134.519281	822173	   3134.532142	   3134.506426	0.0	      0.000000	5	965523	
074	 -0.000000	 51.484005	   3134.427131	   3134.427131	855155	   3134.439991	   3134.414276	0.0	      0.000000	5	965523	
075	 -0.000000	 37.687016	   3134.334980	   3134.334980	888137	   3134.347841	   3134.322125	0.0	      0.000000	5	965523	
076	 -0.000000	 67.616562	   3134.242832	   3134.242832	921118	   3134.255693	   3134.229977	0.0	      0.000000	5	965523	
077	 -0.000000	 11.206541	   3134.169709	   3134.169709	947290	   3134.182569	   3134.156854	0.0	      0.000000	5	965523	
078	 -0.000000	139.135620	   3134.150682	   3134.150682	954100	   3134.163542	   3134.137827	0.0	      0.000000	5	965523	
079	 -0.000000	 57.938648	   3134.058545	   3134.058545	987077	   3134.071406	   3134.045690	0.0	      0.000000	5	965523	
080	 -0.000000	207.944412	   3133.782096	   3133.782096	37446	   3133.794956	   3133.769241	0.0	      0.000000	6	2510620	
081	 -0.000000	 15.013846	   3133.689945	   3133.689945	70428	   3133.702806	   3133.677090	0.0	      0.000000	6	2510620	
082	 -0.000000	 63.251945	   3133.597809	   3133.597809	103405	   3133.610669	   3133.584953	0.0	      0.000000	6	2510620	
083	 -0.000000	 62.027256	   3133.505661	   3133.505661	136386	   3133.518521	   3133.492806	0.0	      0.000000	6	2510620	
084	 -0.000000	84304.945312	   3133.413510	   3133.413510	169368	   3133.426371	   3133.400655	0.0	      0.000000	6	2510620	
085	 -0.000000	 60.018505	   3133.321359	   3133.321359	202350	   3133.334220	   3133.308504	0.0	      0.000000	6	2510620	
086	 -0.000000	 42.474312	   3133.229212	   3133.229212	235331	   3133.242072	   3133.216356	0.0	      0.000000	6	2510620	
087	 -0.000000	 95.012558	   3133.137072	   3133.137072	268309	   3133.149933	   3133.124217	0.0	      0.000000	6	2510620	
088	 -0.000000	183.267120	   3133.044924	   3133.044924	301290	   3133.057785	   3133.032069	0.0	      0.000000	6	2510620	
089	 -0.000000	 41.020004	   3132.952774	   3132.952774	334272	   3132.965634	   3132.939919	0.0	      0.000000	6	2510620	
090	 -0.009566	179.752914	   3132.676338	   3132.676338	433212	   3132.689199	   3132.663483	0.0	      0.000000	6	2510620	
091	 -0.000000	 71.620934	   3132.584188	   3132.584188	466194	   3132.597048	   3132.571333	0.0	      0.000000	6	2510620	
092	 -0.000000	 83.808418	   3132.492037	   3132.492037	499176	   3132.504898	   3132.479182	0.0	      0.000000	6	2510620	
093	 -7.940187	 43.761726	   3132.422163	   3132.422163	524185	   3132.435023	   3132.409308	0.0	      0.000000	6	2510620	
094	 -0.000000	 74.834892	   3132.399886	   3132.399886	532158	   3132.412747	   3132.387031	0.0	      0.000000	6	2510620	
095	 -0.000000	233.176529	   3132.307739	   3132.307739	565139	   3132.320599	   3132.294884	0.0	      0.000000	6	2510620	
096	 -0.000000	 22.703819	   3132.215602	   3132.215602	598116	   3132.228463	   3132.202747	0.0	      0.000000	6	2510620	
097	 -0.000000	 33.319729	   3132.123451	   3132.123451	631098	   3132.136312	   3132.110596	0.0	      0.000000	6	2510620	
098	 -0.000000	 12.713666	   3132.031301	   3132.031301	664080	   3132.044161	   3132.018446	0.0	      0.000000	6	2510620	
099	 -0.000000	 35.134739	   3131.939153	   3131.939153	697061	   3131.952013	   3131.926298	0.0	      0.000000	6	2510620	
100	 -0.000000	 14.205788	   3131.847002	   3131.847002	730043	   3131.859863	   3131.834147	0.0	      0.000000	6	2510620	
101	 -0.000000	6993.903320	   3131.570567	   3131.570567	828983	   3131.583428	   3131.557712	0.0	      0.000000	6	2510620	
102	 -0.000000	 11.539494	   3131.478416	   3131.478416	861965	   3131.491277	   3131.465561	0.0	      0.000000	6	2510620	
103	 -0.000000	 11.053404	   3131.386266	   3131.386266	894947	   3131.399126	   3131.373411	0.0	      0.000000	6	2510620	
104	 -0.000000	 10.542838	   3131.294129	   3131.294129	927924	   3131.306990	   3131.281274	0.0	      0.000000	6	2510620	
105	 -0.000000	1388.699707	   3130.814366	   3130.814366	51062	   3130.827226	   3130.801511	0.0	      0.000000	7	1220560	
106	 -0.000000	 45.611279	   3130.649094	   3130.649094	110215	   3130.661955	   3130.636239	0.0	      0.000000	7	1220560	
107	 -0.000000	 10.832585	   3130.556943	   3130.556943	143197	   3130.569804	   3130.544088	0.0	      0.000000	7	1220560	
108	 -0.000000	 24.543365	   3130.458702	   3130.458702	178359	   3130.471563	   3130.445847	0.0	      0.000000	7	1220560	
109	 -0.000000	 29.613739	   3130.188358	   3130.188358	275119	   3130.201218	   3130.175503	0.0	      0.000000	7	1220560	
110	 -0.000000	 36.108124	   3130.089999	   3130.089999	310323	   3130.102859	   3130.077144	0.0	      0.000000	7	1220560	
111	 -0.000000	2153.208496	   3130.000000	   3130.000000	342535	   3130.012860	   3129.987144	0.0	      0.000000	7	1220560	
112	 -0.000000	 12.528193	   3129.911922	   3129.911922	374059	   3129.924783	   3129.899067	0.0	      0.000000	7	1220560	
113	 -0.009566	9702.676758	   3129.727624	   3129.727624	440022	   3129.740485	   3129.714769	0.0	      0.000000	7	1220560	
114	 -0.000000	 11.973590	   3129.635473	   3129.635473	473004	   3129.648334	   3129.622618	0.0	      0.000000	7	1220560	
115	 25.083336	 41.380028	   3129.491268	   3129.491268	524617	   3129.504129	   3129.478413	0.0	      0.000000	7	1220560	
116	 -0.000000	 16.708572	   3129.451186	   3129.451186	538963	   3129.464047	   3129.438331	0.0	      0.000000	7	1220560	
117	 -0.000000	 31.181789	   3129.359038	   3129.359038	571944	   3129.371899	   3129.346183	0.0	      0.000000	7	1220560	
118	 -0.000000	 19.298635	   3129.266888	   3129.266888	604926	   3129.279748	   3129.254032	0.0	      0.000000	7	1220560	
119	 -0.000000	 25.707224	   3128.990450	   3128.990450	703867	   3129.003310	   3128.977595	0.0	      0.000000	7	1220560	
120	 -0.000000	 16.010748	   3128.621853	   3128.621853	835793	   3128.634713	   3128.608998	0.0	      0.000000	7	1220560	
121	 -0.000000	 11.873072	   3128.529713	   3128.529713	868771	   3128.542574	   3128.516858	0.0	      0.000000	7	1220560	
122	 -0.000000	19073.753906	   3127.884678	   3127.884678	51062	   3127.897539	   3127.871823	0.0	      0.000000	8	1118796	
123	 -0.000000	 24.012283	   3127.423945	   3127.423945	215965	   3127.436805	   3127.411089	0.0	      0.000000	8	1118796	
124	 -0.000000	 11.347543	   3127.239643	   3127.239643	281929	   3127.252504	   3127.226788	0.0	      0.000000	8	1118796	
125	 -0.000000	 50.779686	   3127.147507	   3127.147507	314906	   3127.160367	   3127.134652	0.0	      0.000000	8	1118796	
126	 -0.000000	 10.486862	   3126.963208	   3126.963208	380869	   3126.976069	   3126.950353	0.0	      0.000000	8	1118796	
127	 -0.000000	 25.249664	   3126.778910	   3126.778910	446832	   3126.791770	   3126.766055	0.0	      0.000000	8	1118796	
128	 -0.000000	 14.892760	   3126.686770	   3126.686770	479810	   3126.699631	   3126.673915	0.0	      0.000000	8	1118796	
129	 -0.000000	 16.675158	   3126.594622	   3126.594622	512791	   3126.607483	   3126.581767	0.0	      0.000000	8	1118796	
130	 -7.863655	 41.165970	   3126.562791	   3126.562791	524184	   3126.575651	   3126.549936	0.0	      0.000000	8	1118796	
131	 -0.000000	 40.226776	   3126.502472	   3126.502472	545773	   3126.515332	   3126.489617	0.0	      0.000000	8	1118796	
132	 -0.000000	 24.857609	   3126.410321	   3126.410321	578755	   3126.423182	   3126.397466	0.0	      0.000000	8	1118796	
133	 -0.000000	 19.853104	   3126.318173	   3126.318173	611736	   3126.331034	   3126.305318	0.0	      0.000000	8	1118796	
134	 -0.000000	2844.215576	   3126.041735	   3126.041735	710677	   3126.054596	   3126.028880	0.0	      0.000000	8	1118796	
135	 -0.057399	 15.554080	   3125.971358	   3125.971358	735866	   3125.984219	   3125.958503	0.0	      0.000000	8	1118796	
136	 -0.000000	 11.705908	   3125.765300	   3125.765300	809617	   3125.778161	   3125.752445	0.0	      0.000000	8	1118796	
137	 -0.000000	 35.438984	   3125.673149	   3125.673149	842599	   3125.686010	   3125.660294	0.0	      0.000000	8	1118796	
138	 -0.009566	 12.647673	   3125.581001	   3125.581001	875580	   3125.593862	   3125.568146	0.0	      0.000000	8	1118796	
139	 -0.000000	 14.080557	   3125.396700	   3125.396700	941544	   3125.409561	   3125.383845	0.0	      0.000000	8	1118796	
140	 -0.000000	 48.634480	   3125.304564	   3125.304564	974521	   3125.317424	   3125.291708	0.0	      0.000000	8	1118796	
141	 -0.000000	 22.408529	   3124.935964	   3124.935964	57872	   3124.948824	   3124.923109	0.0	      0.000000	9	431518	
142	 -0.000000	 34.760201	   3124.659529	   3124.659529	156812	   3124.672389	   3124.646674	0.0	      0.000000	9	431518	
143	 -0.000000	4201.812500	   3124.198792	   3124.198792	321716	   3124.211653	   3124.185937	0.0	      0.000000	9	431518	
144	-15.019389	 40.248196	   3123.633363	   3123.633363	524091	   3123.646224	   3123.620508	0.0	      0.000000	9	431518	
145	 -0.000000	 73.944504	   3123.461621	   3123.461621	585560	   3123.474481	   3123.448765	0.0	      0.000000	9	431518	
146	 -0.000000	 21.765665	   3123.369470	   3123.369470	618542	   3123.382330	   3123.356615	0.0	      0.000000	9	431518	
147	 -0.000000	 23.827177	   3123.277322	   3123.277322	651523	   3123.290183	   3123.264467	0.0	      0.000000	9	431518	
148	 -0.000000	 12.590549	   3123.185171	   3123.185171	684505	   3123.198032	   3123.172316	0.0	      0.000000	9	431518	
149	 -0.000000	 55.511425	   3123.093021	   3123.093021	717487	   3123.105881	   3123.080166	0.0	      0.000000	9	431518	
150	 -0.000000	 16.879827	   3122.816586	   3122.816586	816427	   3122.829446	   3122.803731	0.0	      0.000000	9	431518	
151	 -0.000000	 32.941990	   3122.724435	   3122.724435	849409	   3122.737296	   3122.711580	0.0	      0.000000	9	431518	
152	 -0.000000	2743.616455	   3122.355849	   3122.355849	981331	   3122.368710	   3122.342994	0.0	      0.000000	9	431518	
153	  0.009566	246.258377	   3122.340309	   3122.340309	986893	   3122.353170	   3122.327454	0.0	      0.000000	9	431518	
154	 -0.000000	 10.759607	   3121.987263	   3121.987263	64677	   3122.000124	   3121.974408	0.0	      0.000000	10	297872	
155	 -0.000000	 14.834859	   3121.895113	   3121.895113	97659	   3121.907973	   3121.882258	0.0	      0.000000	10	297872	
156	 -0.000000	 41.872822	   3121.610058	   3121.610058	199684	   3121.622919	   3121.597203	0.0	      0.000000	10	297872	
157	 -0.000000	 14.234571	   3121.434376	   3121.434376	262563	   3121.447237	   3121.421521	0.0	      0.000000	10	297872	
158	 -0.000000	 10.333366	   3121.333525	   3121.333525	298659	   3121.346386	   3121.320670	0.0	      0.000000	10	297872	
159	 -0.000000	 27.898211	   3121.241347	   3121.241347	331651	   3121.254207	   3121.228492	0.0	      0.000000	10	297872	
160	 -0.000000	 19.530737	   3120.973643	   3120.973643	427466	   3120.986503	   3120.960787	0.0	      0.000000	10	297872	
161	 -0.000000	 27.282644	   3120.872649	   3120.872649	463613	   3120.885510	   3120.859794	0.0	      0.000000	10	297872	
162	-24.805908	 36.717197	   3120.704027	   3120.704027	523965	   3120.716888	   3120.691172	0.0	      0.000000	10	297872	
163	 -0.000000	1893.314209	   3120.512906	   3120.512906	592370	   3120.525767	   3120.500051	0.0	      0.000000	10	297872	
164	 -0.000000	 15.417230	   3120.135254	   3120.135254	727537	   3120.148114	   3120.122399	0.0	      0.000000	10	297872	
165	 -0.000000	 23.579426	   3120.052170	   3120.052170	757274	   3120.065030	   3120.039315	0.0	      0.000000	10	297872	
166	 -0.000000	 28.339855	   3120.000001	   3120.000001	775946	   3120.012861	   3119.987146	0.0	      0.000000	10	297872	
167	 -0.000000	 85.048294	   3119.775734	   3119.775734	856214	   3119.788595	   3119.762879	0.0	      0.000000	10	297872	
168	 -0.000000	 18.404318	   3119.758744	   3119.758744	862295	   3119.771605	   3119.745889	0.0	      0.000000	10	297872	
169	 -0.000000	 22.498362	   3119.683584	   3119.683584	889196	   3119.696444	   3119.670729	0.0	      0.000000	10	297872	
170	 -0.000000	 49.789974	   3119.591433	   3119.591433	922178	   3119.604294	   3119.578578	0.0	      0.000000	10	297872	
171	 -0.009566	 13.495150	   3119.499285	   3119.499285	955159	   3119.512146	   3119.486430	0.0	      0.000000	10	297872	
172	 -0.000000	 69.290855	   3119.426162	   3119.426162	981331	   3119.439022	   3119.413307	0.0	      0.000000	10	297872	
173	 -0.000000	 62.173244	   3119.407135	   3119.407135	988141	   3119.419995	   3119.394280	0.0	      0.000000	10	297872	
174	 -0.000000	 19.161840	   3119.038549	   3119.038549	71487	   3119.051410	   3119.025694	0.0	      0.000000	11	679433	
175	 -0.000000	1462.853149	   3118.669963	   3118.669963	203409	   3118.682824	   3118.657108	0.0	      0.000000	11	679433	
176	 -0.000000	445.629028	   3118.652353	   3118.652353	209712	   3118.665213	   3118.639498	0.0	      0.000000	11	679433	
177	 -0.000000	 22.422060	   3118.301377	   3118.301377	335331	   3118.314238	   3118.288522	0.0	      0.000000	11	679433	
178	 -0.000000	 12.950424	   3117.922786	   3117.922786	470834	   3117.935647	   3117.909931	0.0	      0.000000	11	679433	
179	-28.221146	 33.181679	   3117.774471	   3117.774471	523918	   3117.787332	   3117.761616	0.0	      0.000000	11	679433	
180	 -0.000000	 13.221927	   3117.554075	   3117.554075	602801	   3117.566935	   3117.541220	0.0	      0.000000	11	679433	
181	 -0.000000	313.868683	   3116.827020	   3116.827020	863024	   3116.839881	   3116.814165	0.0	      0.000000	11	679433	
182	 -0.000000	 15.419132	   3115.905547	   3115.905547	144256	   3115.918408	   3115.892692	0.0	      0.000000	12	59420	
183	 -0.000000	 46.967827	   3114.984074	   3114.984074	474064	   3114.996935	   3114.971219	0.0	      0.000000	12	59420	
184	-12.991293	 30.065659	   3114.844222	   3114.844222	524119	   3114.857083	   3114.831367	0.0	      0.000000	12	59420	
185	 -0.000000	 10.335443	   3114.246903	   3114.246903	737908	   3114.259763	   3114.234048	0.0	      0.000000	12	59420	
186	 -0.000000	 10.878740	   3113.878306	   3113.878306	869834	   3113.891166	   3113.865451	0.0	      0.000000	12	59420	
187	 -0.000000	499.360535	   3113.141131	   3113.141131	85103	   3113.153992	   3113.128276	0.0	      0.000000	13	724635	
188	 -0.000000	 20.582684	   3112.761241	   3112.761241	221071	   3112.774102	   3112.748386	0.0	      0.000000	13	724635	
189	 -0.000000	 13.011640	   3112.680398	   3112.680398	250006	   3112.693258	   3112.667543	0.0	      0.000000	13	724635	
190	 -0.000000	 93.412209	   3112.403960	   3112.403960	348947	   3112.416820	   3112.391105	0.0	      0.000000	13	724635	
191	 -0.000000	 25.285229	   3112.311812	   3112.311812	381928	   3112.324672	   3112.298957	0.0	      0.000000	13	724635	
192	 -0.000000	 64.070602	   3112.219661	   3112.219661	414910	   3112.232522	   3112.206806	0.0	      0.000000	13	724635	
193	 -0.000000	 30.439583	   3112.127510	   3112.127510	447892	   3112.140371	   3112.114655	0.0	      0.000000	13	724635	
194	 -0.009566	 66.145721	   3112.035363	   3112.035363	480873	   3112.048223	   3112.022508	0.0	      0.000000	13	724635	
195	-19.812201	 26.966890	   3111.914789	   3111.914789	524028	   3111.927650	   3111.901934	0.0	      0.000000	13	724635	
196	 -0.000000	 12.162064	   3111.851075	   3111.851075	546832	   3111.863936	   3111.838220	0.0	      0.000000	13	724635	
197	 -0.000000	 38.786110	   3111.758925	   3111.758925	579814	   3111.771785	   3111.746070	0.0	      0.000000	13	724635	
198	 -0.000000	115.045486	   3111.666774	   3111.666774	612796	   3111.679635	   3111.653919	0.0	      0.000000	13	724635	
199	 -0.000000	 21.047203	   3111.574626	   3111.574626	645777	   3111.587487	   3111.561771	0.0	      0.000000	13	724635	
200	 -0.000000	1025.505981	   3111.298188	   3111.298188	744718	   3111.311049	   3111.285333	0.0	      0.000000	13	724635	
201	 -0.000000	 48.145267	   3110.929602	   3110.929602	876640	   3110.942463	   3110.916747	0.0	      0.000000	13	724635	
202	 -0.000000	 22.103193	   3110.825237	   3110.825237	913994	   3110.838097	   3110.812381	0.0	      0.000000	13	724635	
203	 -0.000000	 16.057024	   3110.549039	   3110.549039	1012849	   3110.561899	   3110.536184	0.0	      0.000000	13	724635	
204	 -0.000000	 12.279115	   3110.180330	   3110.180330	96239	   3110.193191	   3110.167475	0.0	      0.000000	14	259492	
205	 -0.000000	 26.193960	   3109.999999	   3109.999999	160782	   3110.012860	   3109.987144	0.0	      0.000000	14	259492	
206	 -0.000000	 17.546988	   3109.811630	   3109.811630	228202	   3109.824490	   3109.798775	0.0	      0.000000	14	259492	
207	 -0.000000	438.809387	   3109.455245	   3109.455245	355757	   3109.468106	   3109.442390	0.0	      0.000000	14	259492	
208	 -0.095665	 25.404123	   3108.995431	   3108.995431	520331	   3109.008291	   3108.982576	0.0	      0.000000	14	259492	
209	 -0.000000	112.917801	   3107.612302	   3107.612302	1015372	   3107.625163	   3107.599447	0.0	      0.000000	14	259492	
210	 -0.000000	 19.006870	   3107.243716	   3107.243716	98718	   3107.256577	   3107.230861	0.0	      0.000000	15	46242	
211	 -0.000000	 11.086637	   3107.151566	   3107.151566	131700	   3107.164426	   3107.138711	0.0	      0.000000	15	46242	
212	 -0.000000	 17.827095	   3106.875131	   3106.875131	230640	   3106.887991	   3106.862275	0.0	      0.000000	15	46242	
213	 -0.000000	 20.361763	   3106.506531	   3106.506531	362567	   3106.519391	   3106.493676	0.0	      0.000000	15	46242	
214	 30.316206	 22.219082	   3106.053584	   3106.053584	524683	   3106.066445	   3106.040729	0.0	      0.000000	15	46242	
215	 -0.000000	 16.559378	   3105.769359	   3105.769359	626411	   3105.782220	   3105.756504	0.0	      0.000000	15	46242	
216	 -0.000000	 52.819351	   3105.755926	   3105.755926	631219	   3105.768786	   3105.743071	0.0	      0.000000	15	46242	
217	 -0.009566	 14.625040	   3105.032188	   3105.032188	890255	   3105.045048	   3105.019332	0.0	      0.000000	15	46242	
218	 -0.000000	 16.363380	   3104.682615	   3104.682615	1015372	   3104.695475	   3104.669760	0.0	      0.000000	15	46242	
219	 -0.000000	 19.933077	   3103.926416	   3103.926416	237450	   3103.939277	   3103.913561	0.0	      0.000000	16	37936	
220	 -0.000000	 41.086254	   3103.912044	   3103.912044	242594	   3103.924905	   3103.899189	0.0	      0.000000	16	37936	
221	 12.981727	 17.344370	   3103.124528	   3103.124528	524457	   3103.137388	   3103.111673	0.0	      0.000000	16	37936	
222	 -0.009566	 12.847605	   3102.083473	   3102.083473	897065	   3102.096334	   3102.070618	0.0	      0.000000	16	37936	
223	 -0.000000	 10.565486	   3101.346299	   3101.346299	112334	   3101.359159	   3101.333444	0.0	      0.000000	17	341732	
224	 -0.000000	 19.790489	   3101.331122	   3101.331122	117766	   3101.343982	   3101.318267	0.0	      0.000000	17	341732	
225	 -0.000000	 15.347201	   3101.162000	   3101.162000	178297	   3101.174861	   3101.149145	0.0	      0.000000	17	341732	
226	  0.009566	 14.406396	   3101.146765	   3101.146765	183750	   3101.159625	   3101.133910	0.0	      0.000000	17	341732	
227	 -0.000000	 10.522868	   3100.977702	   3100.977702	244260	   3100.990562	   3100.964847	0.0	      0.000000	17	341732	
228	 -0.000000	 19.738518	   3100.962410	   3100.962410	249733	   3100.975271	   3100.949555	0.0	      0.000000	17	341732	
229	 -0.000000	 13.138915	   3100.685886	   3100.685886	348705	   3100.698746	   3100.673031	0.0	      0.000000	17	341732	
230	 -0.000000	 13.742472	   3100.609113	   3100.609113	376183	   3100.621974	   3100.596258	0.0	      0.000000	17	341732	
231	 -0.000000	 26.958828	   3100.593707	   3100.593707	381697	   3100.606568	   3100.580852	0.0	      0.000000	17	341732	
232	 -0.000000	481.442352	   3100.240527	   3100.240527	508105	   3100.253388	   3100.227672	0.0	      0.000000	17	341732	
233	 -0.000000	682.504456	   3100.225007	   3100.225007	513660	   3100.237867	   3100.212152	0.0	      0.000000	17	341732	
234	 -6.208652	 18.115980	   3100.195539	   3100.195539	524207	   3100.208399	   3100.182684	0.0	      0.000000	17	341732	
235	 -0.000000	 25.018745	   3100.000000	   3100.000000	594193	   3100.012861	   3099.987145	0.0	      0.000000	17	341732	
236	 -0.000000	 12.763320	   3099.856306	   3099.856306	645623	   3099.869167	   3099.843451	0.0	      0.000000	17	341732	
237	 -0.000000	 11.109772	   3099.764128	   3099.764128	678615	   3099.776988	   3099.751273	0.0	      0.000000	17	341732	
238	 -0.000000	140.190872	   3098.397584	   3098.397584	119144	   3098.410445	   3098.384729	0.0	      0.000000	18	193143	
239	  8.695939	 17.062775	   3097.265306	   3097.265306	524402	   3097.278167	   3097.252451	0.0	      0.000000	18	193143	
240	 -0.000000	 15.449431	   3096.923227	   3096.923227	646837	   3096.936088	   3096.910372	0.0	      0.000000	18	193143	
241	 -0.000000	785.855713	   3096.554641	   3096.554641	778759	   3096.567502	   3096.541786	0.0	      0.000000	18	193143	
242	 -0.000000	 93.494804	   3096.537970	   3096.537970	784726	   3096.550830	   3096.525115	0.0	      0.000000	18	193143	
243	 -0.000000	 11.387629	   3096.186055	   3096.186055	910681	   3096.198916	   3096.173200	0.0	      0.000000	18	193143	
244	 -0.000000	 20.422251	   3095.798443	   3095.798443	837	   3095.800781	   3095.785588	0.0	      0.000000	19	168752	
245	 -0.000000	1128.026123	   3094.711698	   3094.711698	389798	   3094.724559	   3094.698843	0.0	      0.000000	19	168752	
246	 -0.000000	131.036484	   3094.694909	   3094.694909	395807	   3094.707770	   3094.682054	0.0	      0.000000	19	168752	
247	  9.748253	 16.123947	   3094.335583	   3094.335583	524415	   3094.348443	   3094.322728	0.0	      0.000000	19	168752	
248	 -0.000000	 12.040867	   3093.237341	   3093.237341	917491	   3093.250202	   3093.224486	0.0	      0.000000	19	168752	
249	 -0.000000	 21.482443	   3092.868755	   3092.868755	837	   3092.871094	   3092.855900	0.0	      0.000000	20	33083	
250	  8.026285	 16.402822	   3091.405959	   3091.405959	524392	   3091.418820	   3091.393104	0.0	      0.000000	20	33083	
251	 -0.000000	 31.384897	   3091.025812	   3091.025812	660452	   3091.038673	   3091.012957	0.0	      0.000000	20	33083	
252	 -0.009566	 52.242001	   3089.182869	   3089.182869	271491	   3089.195730	   3089.170014	0.0	      0.000000	21	33073	
253	-20.644485	 15.534766	   3088.477320	   3088.477320	524017	   3088.490180	   3088.464465	0.0	      0.000000	21	33073	
254	 -0.000000	 16.020077	   3087.339923	   3087.339923	931107	   3087.352784	   3087.327068	0.0	      0.000000	21	33073	
255	 -0.000000	 32.652523	   3087.320380	   3087.320380	938102	   3087.333240	   3087.307524	0.0	      0.000000	21	33073	
256	  5.079806	 14.527289	   3085.546688	   3085.546688	524355	   3085.559548	   3085.533833	0.0	      0.000000	22	32952	
257	 -0.000000	 17.539598	   3085.476861	   3085.476861	549347	   3085.489722	   3085.464006	0.0	      0.000000	22	32952	
258	 -0.000000	 26.588383	   3083.654037	   3083.654037	153185	   3083.666898	   3083.641182	0.0	      0.000000	23	33084	
259	 -0.000000	 78.319290	   3083.633342	   3083.633342	160592	   3083.646203	   3083.620487	0.0	      0.000000	23	33084	
260	-23.045673	 14.583482	   3082.618031	   3082.618031	523986	   3082.630892	   3082.605176	0.0	      0.000000	23	33084	
261	 -0.000000	110.974236	   3080.000000	   3080.000000	412440	   3080.012860	   3079.987145	0.0	      0.000000	24	33078	
262	-16.301298	 14.103770	   3079.688092	   3079.688092	524076	   3079.700953	   3079.675237	0.0	      0.000000	24	33078	
263	-23.686628	 14.168839	   3076.758676	   3076.758676	523979	   3076.771536	   3076.745821	0.0	      0.000000	25	32954	
264	 -0.000000	 17.089348	   3076.282265	   3076.282265	694493	   3076.295126	   3076.269410	0.0	      0.000000	25	32954	
265	  0.009566	 10.471382	   3076.259268	   3076.259268	702724	   3076.272129	   3076.246413	0.0	      0.000000	25	32954	
266	 -0.009566	 25.225477	   3074.439322	   3074.439322	305532	   3074.452183	   3074.426467	0.0	      0.000000	26	32105	
267	 13.756612	 14.161648	   3073.827619	   3073.827619	524469	   3073.840480	   3073.814764	0.0	      0.000000	26	32105	
268	 -0.000000	 27.978100	   3072.596376	   3072.596376	965148	   3072.609237	   3072.583521	0.0	      0.000000	26	32105	
269	-25.963453	 13.790421	   3070.899382	   3070.899382	523950	   3070.912242	   3070.886527	0.0	      0.000000	27	32954	
270	 -0.000000	 15.119485	   3070.753433	   3070.753433	576187	   3070.766294	   3070.740578	0.0	      0.000000	27	32954	
271	-23.916224	 13.136456	   3067.969627	   3067.969627	523974	   3067.982488	   3067.956772	0.0	      0.000000	28	26405	
272	  0.880117	 13.649672	   3065.039032	   3065.039032	524299	   3065.051892	   3065.026177	0.0	      0.000000	29	31308	
273	-17.841503	 13.201433	   3062.110023	   3062.110023	524056	   3062.122884	   3062.097168	0.0	      0.000000	30	31894	
274	 -0.000000	 22.610004	   3061.538718	   3061.538718	728534	   3061.551579	   3061.525863	0.0	      0.000000	30	31894	
275	 -0.000000	 35.574642	   3059.999999	   3059.999999	230687	   3060.012860	   3059.987144	0.0	      0.000000	31	32122	
276	-10.494439	 13.387384	   3059.180070	   3059.180070	524151	   3059.192931	   3059.167215	0.0	      0.000000	31	32122	
277	 -0.000000	 21.019444	   3056.009886	   3056.009886	610228	   3056.022747	   3055.997031	0.0	      0.000000	32	14	
278	 -0.000000	 13.836019	   3055.000001	   3055.000001	971680	   3055.012862	   3054.987146	0.0	      0.000000	32	14	
279	 -0.000000	 18.917500	   3054.166943	   3054.166943	221267	   3054.179804	   3054.154088	0.0	      0.000000	33	31139	
280	 -5.280702	 13.941359	   3053.320508	   3053.320508	524218	   3053.333369	   3053.307653	0.0	      0.000000	33	31139	
281	 -0.000000	 14.718986	   3052.324000	   3052.324000	880882	   3052.336861	   3052.311145	0.0	      0.000000	33	31139	
282	-22.682148	 13.569866	   3050.391452	   3050.391452	523992	   3050.404313	   3050.378597	0.0	      0.000000	34	552030	
283	 -0.000000	51945.957031	   3050.000000	   3050.000000	664098	   3050.012861	   3049.987145	0.0	      0.000000	34	552030	
284	 18.549423	 12.916451	   3047.460264	   3047.460264	524529	   3047.473125	   3047.447409	0.0	      0.000000	35	27721	
285	 -4.104024	 13.167463	   3044.531398	   3044.531398	524235	   3044.544259	   3044.518543	0.0	      0.000000	36	30470	
286	-28.517706	 12.878351	   3041.602607	   3041.602607	523914	   3041.615468	   3041.589752	0.0	      0.000000	37	28738	
287	-22.481251	 13.020742	   3038.672699	   3038.672699	523993	   3038.685560	   3038.659844	0.0	      0.000000	38	28725	
288	 13.938375	 13.273079	   3035.741682	   3035.741682	524469	   3035.754542	   3035.728827	0.0	      0.000000	39	27839	
289	 -0.009566	 12.146947	   3033.894567	   3033.894567	137001	   3033.907428	   3033.881712	0.0	      0.000000	40	31988	
290	 22.471684	 13.397725	   3032.811676	   3032.811676	524583	   3032.824536	   3032.798821	0.0	      0.000000	40	31988	
291	 17.057051	 13.495084	   3029.882187	   3029.882187	524512	   3029.895047	   3029.869332	0.0	      0.000000	41	31742	
292	-18.252863	 13.340425	   3026.953790	   3026.953790	524050	   3026.966651	   3026.940935	0.0	      0.000000	42	32911	
293	  0.210463	153.816391	   3025.051171	   3025.051171	156448	   3025.064031	   3025.038316	0.0	      0.000000	43	424132	
294	 -0.000000	 12.821687	   3024.953326	   3024.953326	191468	   3024.966186	   3024.940471	0.0	      0.000000	43	424132	
295	 29.196926	 13.169362	   3024.022373	   3024.022373	524669	   3024.035234	   3024.009518	0.0	      0.000000	43	424132	
296	 29.713516	 13.688655	   3021.092663	   3021.092663	524677	   3021.105524	   3021.079808	0.0	      0.000000	44	32857	
297	 15.612512	 13.864124	   3018.163490	   3018.163490	524493	   3018.176350	   3018.150635	0.0	      0.000000	45	32835	
298	-24.805908	 13.904886	   3015.235280	   3015.235280	523964	   3015.248141	   3015.222425	0.0	      0.000000	46	32796	
299	 -1.167112	 13.539681	   3012.304727	   3012.304727	524274	   3012.317587	   3012.291872	0.0	      0.000000	47	32949	
300	 -0.000000	 17.349545	   3009.999999	   3009.999999	300592	   3010.012860	   3009.987144	0.0	      0.000000	48	32953	
301	 22.022058	 15.401324	   3009.374193	   3009.374193	524577	   3009.387053	   3009.361337	0.0	      0.000000	48	32953	
302	  5.548564	 13.861456	   3006.445111	   3006.445111	524360	   3006.457972	   3006.432256	0.0	      0.000000	49	32942	
303	 12.493835	 14.412429	   3003.515167	   3003.515167	524452	   3003.528027	   3003.502312	0.0	      0.000000	50	32621	
304	  2.822114	 14.338814	   3000.585837	   3000.585837	524324	   3000.598698	   3000.572982	0.0	      0.000000	51	32950	
305	  3.577867	 13.491864	   2997.656119	   2997.656119	524335	   2997.668979	   2997.643264	0.0	      0.000000	52	32950	
306	 -0.277428	 14.420588	   2994.726571	   2994.726571	524285	   2994.739432	   2994.713716	0.0	      0.000000	53	32869	
307	 -0.000000	 14.217399	   2993.752560	   2993.752560	872897	   2993.765421	   2993.739705	0.0	      0.000000	53	32869	
308	 -8.399378	 13.583069	   2991.797180	   2991.797180	524179	   2991.810040	   2991.784324	0.0	      0.000000	54	32950	
309	 18.319828	 13.970815	   2988.866517	   2988.866517	524528	   2988.879378	   2988.853662	0.0	      0.000000	55	32948	
310	 21.591568	 13.852414	   2985.936709	   2985.936709	524571	   2985.949570	   2985.923854	0.0	      0.000000	56	32942	
311	  3.262173	 13.501222	   2983.007692	   2983.007692	524331	   2983.020553	   2982.994837	0.0	      0.000000	57	33512	
312	  0.057399	 21.085346	   2982.028203	   2982.028203	874904	   2982.041063	   2982.015348	0.0	      0.000000	57	33512	
313	 -0.057399	 15.358130	   2981.972742	   2981.972742	894754	   2981.985603	   2981.959887	0.0	      0.000000	57	33512	
314	 -3.864862	 13.949948	   2980.078265	   2980.078265	524238	   2980.091125	   2980.065410	0.0	      0.000000	58	32597	
315	 -8.428078	 13.896569	   2977.148745	   2977.148745	524178	   2977.161605	   2977.135890	0.0	      0.000000	59	32923	
316	  0.009566	 17.935802	   2975.001625	   2975.001625	244086	   2975.014486	   2974.988770	0.0	      0.000000	60	31854	
317	-19.458241	 13.900599	   2974.219460	   2974.219460	524034	   2974.232320	   2974.206605	0.0	      0.000000	60	31854	
318	  0.191330	 13.940035	   2971.289054	   2971.289054	524291	   2971.301915	   2971.276199	0.0	      0.000000	61	32949	
319	 12.369472	 13.728117	   2968.358920	   2968.358920	524451	   2968.371780	   2968.346065	0.0	      0.000000	62	32943	
320	 -9.222096	 14.545672	   2965.430028	   2965.430028	524166	   2965.442889	   2965.417173	0.0	      0.000000	63	32950	
321	 -0.000000	6448.504883	   2962.500176	   2962.500176	524225	   2962.513037	   2962.487321	0.0	      0.000000	64	1215329	
322	 -0.000000	 27.709291	   2950.000001	   2950.000001	803908	   2950.012861	   2949.987146	0.0	      0.000000	68	8	
323	 -0.000000	476.703217	   2939.500309	   2939.500309	367590	   2939.513170	   2939.487454	0.0	      0.000000	72	92068	
324	  0.057399	 26.868580	   2934.028631	   2934.028631	228828	   2934.041491	   2934.015776	0.0	      0.000000	74	812	
325	 -0.057399	 14.093188	   2933.973207	   2933.973207	248665	   2933.986067	   2933.960352	0.0	      0.000000	74	812	
326	 -0.047832	 16.597092	   2885.973665	   2885.973665	651154	   2885.986526	   2885.960810	0.0	      0.000000	90	34	
327	 -0.009566	 14.489612	   2883.335744	   2883.335744	546727	   2883.348604	   2883.322889	0.0	      0.000000	91	9	
328	  0.019133	 21.603388	   2837.501949	   2837.501949	174065	   2837.514810	   2837.489094	0.0	      0.000000	107	80	
329	 -4.649314	 17.420601	   2775.000257	   2775.000257	524196	   2775.013118	   2774.987402	0.0	      0.000000	128	32950	
330	  7.174867	 12.410968	   2772.069919	   2772.069919	524429	   2772.082779	   2772.057064	0.0	      0.000000	129	19770	
331	-12.302505	 11.909913	   2769.141298	   2769.141298	524047	   2769.154159	   2769.128443	0.0	      0.000000	130	19768	
332	  0.554856	 11.679471	   2766.210910	   2766.210910	524298	   2766.223770	   2766.198055	0.0	      0.000000	131	19721	
333	  1.081013	 11.883191	   2763.281189	   2763.281189	524310	   2763.294049	   2763.268333	0.0	      0.000000	132	15121	
334	 11.288458	 11.317858	   2760.350942	   2760.350942	524510	   2760.363803	   2760.338087	0.0	      0.000000	133	18516	
335	 -5.338101	 11.154371	   2757.422166	   2757.422166	524184	   2757.435026	   2757.409311	0.0	      0.000000	134	8558	
336	 -7.241833	 10.289007	   2754.492581	   2754.492581	524147	   2754.505442	   2754.479726	0.0	      0.000000	135	120	
337	 -0.000000	 39.483612	   2616.671485	   2616.671485	569167	   2616.684345	   2616.658629	0.0	      0.000000	182	208	
338	 -0.000000	102.503464	   2610.499691	   2610.499691	680986	   2610.512551	   2610.486836	0.0	      0.000000	184	16722	
339	  0.076532	 19.354887	   2500.157468	   2500.157468	328118	   2500.170328	   2500.144613	0.0	      0.000000	222	105319	
340	 -0.000000	866.703613	   2500.000000	   2500.000000	384478	   2500.012860	   2499.987145	0.0	      0.000000	222	105319	
341	  0.411359	 84.004417	   2465.987022	   2465.987022	1023861	   2465.999882	   2465.974167	0.0	      0.000000	233	162793	
342	  0.459192	 28.875027	   2463.057329	   2463.057329	1023863	   2463.070189	   2463.044474	0.0	      0.000000	234	2631	
343	 -1.109713	 33.114429	   2461.989147	   2461.989147	357604	   2462.002008	   2461.976292	0.0	      0.000000	235	6602	
344	  0.736620	 12.345876	   2451.959761	   2451.959761	801533	   2451.972622	   2451.946906	0.0	      0.000000	238	33	
345	  0.860984	 12.952360	   2441.092671	   2441.092671	496712	   2441.105532	   2441.079816	0.0	      0.000000	242	15356325	
346	 -0.353960	108.195724	   2441.048787	   2441.048787	512419	   2441.061647	   2441.035932	0.0	      0.000000	242	15356325	
347	  0.019133	869.065430	   2441.004566	   2441.004566	528246	   2441.017427	   2440.991711	0.0	      0.000000	242	15356325	
348	 -0.507024	795.775085	   2440.991354	   2440.991354	532975	   2441.004214	   2440.978499	0.0	      0.000000	242	15356325	
349	  0.057399	 40.312771	   2434.977453	   2434.977453	588282	   2434.990313	   2434.964598	0.0	      0.000000	244	34111	
350	 -0.028699	 36.363525	   2418.940612	   2418.940612	36635	   2418.953472	   2418.927757	0.0	      0.000000	250	31480	
351	 -0.286995	 58.980022	   2418.918316	   2418.918316	44615	   2418.931177	   2418.905461	0.0	      0.000000	250	31480	
352	 -0.000000	 16.906328	   2418.749999	   2418.749999	104858	   2418.762860	   2418.737144	0.0	      0.000000	250	31480	
353	 -0.028699	240.865601	   2416.010924	   2416.010924	36635	   2416.023785	   2415.998069	0.0	      0.000000	251	7115306	
354	 -0.286995	579.009705	   2415.988628	   2415.988628	44615	   2416.001489	   2415.975773	0.0	      0.000000	251	7115306	
355	  0.095665	 55.451584	   2414.981615	   2414.981615	405039	   2414.994476	   2414.968760	0.0	      0.000000	251	7115306	
356	  0.019133	 25.092184	   2399.999997	   2399.999997	524289	   2400.012858	   2399.987142	0.0	      0.000000	256	190	
357	 -0.009566	 13.914491	   2350.007228	   2350.007228	591606	   2350.020089	   2349.994373	0.0	      0.000000	273	29	
358	 -4.505816	 15.807146	   2347.266698	   2347.266698	523904	   2347.279559	   2347.253843	0.0	      0.000000	274	19770	
359	-16.062136	 17.749466	   2344.339748	   2344.339748	522924	   2344.352609	   2344.326893	0.0	      0.000000	275	19770	
360	 11.384123	 19.412355	   2341.403545	   2341.403545	525256	   2341.416406	   2341.390690	0.0	      0.000000	276	19770	
361	  3.185641	 21.357456	   2338.475808	   2338.475808	524558	   2338.488669	   2338.462953	0.0	      0.000000	277	19910	
362	  0.009566	 10.469960	   2337.532671	   2337.532671	862120	   2337.545531	   2337.519816	0.0	      0.000000	277	19910	
363	 -0.133931	 13.385543	   2337.464177	   2337.464177	886635	   2337.477037	   2337.451322	0.0	      0.000000	277	19910	
364	 30.918896	 20.651731	   2335.539541	   2335.539541	526913	   2335.552401	   2335.526686	0.0	      0.000000	278	19774	
365	-14.359302	 21.216526	   2332.620599	   2332.620599	523067	   2332.633460	   2332.607744	0.0	      0.000000	279	19771	
366	 12.379038	 20.572495	   2329.684558	   2329.684558	525341	   2329.697419	   2329.671703	0.0	      0.000000	280	19812	
367	-13.134790	 20.765825	   2326.760933	   2326.760933	523171	   2326.773794	   2326.748078	0.0	      0.000000	281	19942	
368	 -7.031370	 22.729389	   2323.829793	   2323.829793	523691	   2323.842654	   2323.816938	0.0	      0.000000	282	22126	
369	 -0.000000	 10.131820	   2323.497657	   2323.497657	642567	   2323.510518	   2323.484802	0.0	      0.000000	282	22126	
370	 -7.767990	 24.781025	   2320.900279	   2320.900279	523629	   2320.913139	   2320.887424	0.0	      0.000000	283	32825	
371	  0.669654	324.780792	   2264.997715	   2264.997715	608992	   2265.010575	   2264.984860	0.0	      0.000000	302	430639	
372	  0.028699	 14.150419	   2262.521734	   2262.521734	446604	   2262.534595	   2262.508879	0.0	      0.000000	303	4	
373	  0.057399	119.201256	   2250.141725	   2250.141725	683278	   2250.154585	   2250.128870	0.0	      0.000000	307	15897	
374	 -1.176678	 14.113989	   2247.536076	   2247.536076	567300	   2247.548936	   2247.523221	0.0	      0.000000	308	130	
375	 -0.000000	2862.448242	   2242.500653	   2242.500653	272396	   2242.513514	   2242.487798	0.0	      0.000000	310	1466200	
376	 -0.019133	 41.192726	   2239.548985	   2239.548985	280263	   2239.561846	   2239.536130	0.0	      0.000000	311	20649	
377	  0.009566	 54.338612	   2239.282025	   2239.282025	375812	   2239.294885	   2239.269170	0.0	      0.000000	311	20649	
378	 -0.019133	104.147079	   2237.500990	   2237.500990	1013269	   2237.513851	   2237.488135	0.0	      0.000000	311	20649	
379	 -0.028699	 49.818306	   2235.452995	   2235.452995	697699	   2235.465856	   2235.440140	0.0	      0.000000	312	253	
380	 -0.028699	 14.607626	   2234.571303	   2234.571303	1013269	   2234.584164	   2234.558448	0.0	      0.000000	312	253	
381	 -0.315694	 12.970502	   2228.518664	   2228.518664	33865	   2228.531524	   2228.505808	0.0	      0.000000	315	219746	
382	 -2.669051	 17.294937	   2226.574428	   2226.574428	729734	   2226.587289	   2226.561573	0.0	      0.000000	315	219746	
383	 -0.133931	 11.571246	   2226.550098	   2226.550098	738442	   2226.562959	   2226.537243	0.0	      0.000000	315	219746	
384	 -0.239162	 12.031098	   2226.411749	   2226.411749	787959	   2226.424610	   2226.398894	0.0	      0.000000	315	219746	
385	 -0.239162	 89.095795	   2226.386891	   2226.386891	796856	   2226.399752	   2226.374036	0.0	      0.000000	315	219746	
386	 -0.143497	 10.417336	   2226.349857	   2226.349857	810111	   2226.362718	   2226.337002	0.0	      0.000000	315	219746	
387	  0.124364	 10.721379	   2226.325050	   2226.325050	818990	   2226.337910	   2226.312195	0.0	      0.000000	315	219746	
388	-12.761698	 11.008247	   2219.326795	   2219.326795	178035	   2219.339655	   2219.313940	0.0	      0.000000	318	1686658	
389	 19.372141	 36.611759	   2219.255479	   2219.255479	203560	   2219.268339	   2219.242624	0.0	      0.000000	318	1686658	
390	 -8.715073	 12.186191	   2219.194986	   2219.194986	225211	   2219.207847	   2219.182131	0.0	      0.000000	318	1686658	
391	  0.038266	 43.880585	   2218.889759	   2218.889759	334456	   2218.902620	   2218.876904	0.0	      0.000000	318	1686658	
392	 -2.984745	 10.408393	   2209.470646	   2209.470646	559960	   2209.483507	   2209.457791	0.0	      0.000000	321	24808	
393	-16.387398	 11.302711	   2209.210952	   2209.210952	652908	   2209.223813	   2209.198097	0.0	      0.000000	321	24808	
394	 -0.000000	 22.957321	   2209.085936	   2209.085936	697653	   2209.098797	   2209.073081	0.0	      0.000000	321	24808	
395	  0.076532	 44.269787	   2203.263769	   2203.263769	684336	   2203.276629	   2203.250914	0.0	      0.000000	323	581	
396	 -0.000000	 51.383507	   2197.000201	   2197.000201	829002	   2197.013062	   2196.987346	0.0	      0.000000	325	52	
397	 -0.000000	3080.508301	   2196.008326	   2196.008326	135432	   2196.021187	   2195.995471	0.0	      0.000000	326	106173283	
398	 -0.000000	2742.323486	   2195.991889	   2195.991889	141315	   2196.004750	   2195.979034	0.0	      0.000000	326	106173283	
399	 -0.000000	4905.958008	   2194.002961	   2194.002961	853180	   2194.015822	   2193.990106	0.0	      0.000000	326	106173283	
400	  0.009566	5792.860840	   2193.986960	   2193.986960	858907	   2193.999821	   2193.974105	0.0	      0.000000	326	106173283	
401	 -0.000000	 29.645969	   2193.750311	   2193.750311	943607	   2193.763172	   2193.737456	0.0	      0.000000	326	106173283	
402	 -0.000000	 52.653511	   2192.471311	   2192.471311	352803	   2192.484172	   2192.458456	0.0	      0.000000	327	104	
403	 -0.000000	 23.112139	   2189.684004	   2189.684004	301843	   2189.696865	   2189.671149	0.0	      0.000000	328	17191143	
404	 -0.000000	 79.532417	   2189.622774	   2189.622774	323758	   2189.635635	   2189.609919	0.0	      0.000000	328	17191143	
405	 -0.000000	683.029724	   2189.561542	   2189.561542	345674	   2189.574402	   2189.548687	0.0	      0.000000	328	17191143	
406	  0.105231	 12.719497	   2189.539045	   2189.539045	353726	   2189.551905	   2189.526190	0.0	      0.000000	328	17191143	
407	 -0.000000	717335.375000	   2189.500309	   2189.500309	367590	   2189.513170	   2189.487454	0.0	      0.000000	328	17191143	
408	 -0.114798	 12.998680	   2189.461576	   2189.461576	381453	   2189.474437	   2189.448721	0.0	      0.000000	328	17191143	
409	 -0.000000	425.218140	   2189.439077	   2189.439077	389506	   2189.451937	   2189.426222	0.0	      0.000000	328	17191143	
410	 -0.000000	 77.021393	   2189.377847	   2189.377847	411421	   2189.390707	   2189.364992	0.0	      0.000000	328	17191143	
411	 -0.000000	 28.158596	   2189.316614	   2189.316614	433337	   2189.329475	   2189.303759	0.0	      0.000000	328	17191143	
412	 -0.000000	 15.884686	   2188.498540	   2188.498540	726137	   2188.511401	   2188.485685	0.0	      0.000000	328	17191143	
413	 -0.000000	12684.211914	   2188.444309	   2188.444309	745547	   2188.457170	   2188.431454	0.0	      0.000000	328	17191143	
414	 -0.000000	9425.147461	   2188.419309	   2188.419309	754495	   2188.432170	   2188.406454	0.0	      0.000000	328	17191143	
415	 -0.000000	 22.446428	   2188.376078	   2188.376078	769968	   2188.388939	   2188.363223	0.0	      0.000000	328	17191143	
416	 -0.000000	 20.739487	   2188.000309	   2188.000309	904461	   2188.013170	   2187.987454	0.0	      0.000000	328	17191143	
417	 -0.000000	319.060944	   2187.419996	   2187.419996	63587	   2187.432857	   2187.407141	0.0	      0.000000	329	874735	
418	 -0.000000	 54.371796	   2187.356995	   2187.356995	86136	   2187.369856	   2187.344140	0.0	      0.000000	329	874735	
419	  0.009566	 25.019310	   2187.335839	   2187.335839	93708	   2187.348700	   2187.322984	0.0	      0.000000	329	874735	
420	 -0.009566	 18.122892	   2187.321998	   2187.321998	98662	   2187.334858	   2187.309143	0.0	      0.000000	329	874735	
421	  0.009566	 24.309208	   2187.289102	   2187.289102	110436	   2187.301962	   2187.276247	0.0	      0.000000	329	874735	
422	  0.009566	 20.097162	   2187.272936	   2187.272936	116222	   2187.285796	   2187.260081	0.0	      0.000000	329	874735	
423	  0.162630	 13.019315	   2187.249687	   2187.249687	124543	   2187.262548	   2187.236832	0.0	      0.000000	329	874735	
424	  0.009566	 17.297527	   2187.233840	   2187.233840	130215	   2187.246700	   2187.220985	0.0	      0.000000	329	874735	
425	  0.009566	 25.559126	   2187.219437	   2187.219437	135370	   2187.232297	   2187.206582	0.0	      0.000000	329	874735	
426	  0.009566	 28.317307	   2187.201801	   2187.201801	141682	   2187.214662	   2187.188946	0.0	      0.000000	329	874735	
427	  0.047832	 16.813610	   2187.180042	   2187.180042	149470	   2187.192903	   2187.167187	0.0	      0.000000	329	874735	
428	  0.162630	 18.286924	   2187.165619	   2187.165619	154632	   2187.178480	   2187.152764	0.0	      0.000000	329	874735	
429	  0.009566	 12.129145	   2187.150362	   2187.150362	160093	   2187.163222	   2187.137507	0.0	      0.000000	329	874735	
430	  0.162630	 18.833370	   2187.121528	   2187.121528	170413	   2187.134388	   2187.108673	0.0	      0.000000	329	874735	
431	  0.162630	 16.498058	   2187.088607	   2187.088607	182196	   2187.101467	   2187.075751	0.0	      0.000000	329	874735	
432	  0.105231	 13.308936	   2187.062153	   2187.062153	191664	   2187.075014	   2187.049298	0.0	      0.000000	329	874735	
433	  0.105231	 15.198875	   2187.040696	   2187.040696	199344	   2187.053556	   2187.027841	0.0	      0.000000	329	874735	
434	  0.105231	 19.712765	   2187.019825	   2187.019825	206814	   2187.032685	   2187.006970	0.0	      0.000000	329	874735	
435	  0.162630	 19.990915	   2187.002186	   2187.002186	213127	   2187.015047	   2186.989331	0.0	      0.000000	329	874735	
436	  0.133931	 23.778242	   2186.983375	   2186.983375	219860	   2186.996235	   2186.970519	0.0	      0.000000	329	874735	
437	  0.153064	 12.892430	   2186.968089	   2186.968089	225331	   2186.980949	   2186.955234	0.0	      0.000000	329	874735	
438	  0.105231	 14.762961	   2186.952512	   2186.952512	230906	   2186.965373	   2186.939657	0.0	      0.000000	329	874735	
439	  0.105231	 17.142553	   2186.929585	   2186.929585	239112	   2186.942446	   2186.916730	0.0	      0.000000	329	874735	
440	  0.153064	 20.322651	   2186.911653	   2186.911653	245530	   2186.924514	   2186.898798	0.0	      0.000000	329	874735	
441	  0.153064	 19.297857	   2186.879612	   2186.879612	256998	   2186.892473	   2186.866757	0.0	      0.000000	329	874735	
442	  0.153064	 10.335323	   2186.852276	   2186.852276	266782	   2186.865137	   2186.839421	0.0	      0.000000	329	874735	
443	  0.153064	 23.161940	   2186.822294	   2186.822294	277513	   2186.835155	   2186.809439	0.0	      0.000000	329	874735	
444	  0.153064	 16.748878	   2186.766739	   2186.766739	297397	   2186.779599	   2186.753884	0.0	      0.000000	329	874735	
445	  0.153064	 11.892551	   2186.734994	   2186.734994	308759	   2186.747854	   2186.722139	0.0	      0.000000	329	874735	
446	  0.009566	 17.084278	   2186.700334	   2186.700334	321164	   2186.713195	   2186.687479	0.0	      0.000000	329	874735	
447	  0.009566	 13.259319	   2186.618913	   2186.618913	350306	   2186.631773	   2186.606058	0.0	      0.000000	329	874735	
448	  0.191330	 12.086364	   2186.546870	   2186.546870	376091	   2186.559731	   2186.534015	0.0	      0.000000	329	874735	
449	  0.009566	 14.658585	   2186.514563	   2186.514563	387654	   2186.527424	   2186.501708	0.0	      0.000000	329	874735	
450	  0.009566	 10.552095	   2186.495162	   2186.495162	394598	   2186.508023	   2186.482307	0.0	      0.000000	329	874735	
451	 -0.000000	11499.625000	   2184.476308	   2184.476308	68598	   2184.489169	   2184.463453	0.0	      0.000000	330	79651894	
452	 -0.000000	6934.964844	   2184.427308	   2184.427308	86136	   2184.440168	   2184.414453	0.0	      0.000000	330	79651894	
453	 -0.009566	6003.608398	   2184.392310	   2184.392310	98662	   2184.405171	   2184.379455	0.0	      0.000000	330	79651894	
454	 -0.000000	5656.610352	   2184.364309	   2184.364309	108684	   2184.377170	   2184.351454	0.0	      0.000000	330	79651894	
455	 -0.000000	5355.117676	   2184.336308	   2184.336308	118706	   2184.349169	   2184.323453	0.0	      0.000000	330	79651894	
456	 -0.000000	6082.916016	   2184.308310	   2184.308310	128727	   2184.321170	   2184.295455	0.0	      0.000000	330	79651894	
457	 -0.000000	4754.885254	   2184.287310	   2184.287310	136243	   2184.300171	   2184.274455	0.0	      0.000000	330	79651894	
458	 -0.000000	4746.283691	   2184.259309	   2184.259309	146265	   2184.272170	   2184.246454	0.0	      0.000000	330	79651894	
459	 -0.000000	4292.107910	   2184.238310	   2184.238310	153781	   2184.251170	   2184.225455	0.0	      0.000000	330	79651894	
460	 -0.000000	4377.787109	   2184.224309	   2184.224309	158792	   2184.237170	   2184.211454	0.0	      0.000000	330	79651894	
461	 -0.000000	4740.627930	   2184.203310	   2184.203310	166308	   2184.216170	   2184.190455	0.0	      0.000000	330	79651894	
462	 -0.000000	4346.513672	   2184.182310	   2184.182310	173824	   2184.195171	   2184.169455	0.0	      0.000000	330	79651894	
463	 -0.000000	3471.475586	   2184.168310	   2184.168310	178835	   2184.181170	   2184.155454	0.0	      0.000000	330	79651894	
464	 -0.000000	4369.347168	   2184.147310	   2184.147310	186351	   2184.160171	   2184.134455	0.0	      0.000000	330	79651894	
465	 -0.000000	3585.088623	   2184.133309	   2184.133309	191362	   2184.146170	   2184.120454	0.0	      0.000000	330	79651894	
466	 -0.000000	3998.954346	   2184.112310	   2184.112310	198878	   2184.125171	   2184.099455	0.0	      0.000000	330	79651894	
467	 -0.000000	4604.877441	   2184.098309	   2184.098309	203889	   2184.111170	   2184.085454	0.0	      0.000000	330	79651894	
468	 -0.000000	3689.030029	   2184.084309	   2184.084309	208900	   2184.097170	   2184.071454	0.0	      0.000000	330	79651894	
469	 -0.000000	3033.349854	   2184.063309	   2184.063309	216416	   2184.076170	   2184.050454	0.0	      0.000000	330	79651894	
470	 -0.000000	3969.596680	   2184.049309	   2184.049309	221427	   2184.062169	   2184.036454	0.0	      0.000000	330	79651894	
471	 -0.000000	4161.198730	   2184.035308	   2184.035308	226438	   2184.048169	   2184.022453	0.0	      0.000000	330	79651894	
472	 -0.000000	3787.023438	   2184.021308	   2184.021308	231449	   2184.034168	   2184.008453	0.0	      0.000000	330	79651894	
473	 -0.000000	3907.630127	   2184.007310	   2184.007310	236459	   2184.020171	   2183.994455	0.0	      0.000000	330	79651894	
474	 -0.000000	4148.388672	   2183.993309	   2183.993309	241470	   2184.006170	   2183.980454	0.0	      0.000000	330	79651894	
475	 -0.000000	4165.836914	   2183.979309	   2183.979309	246481	   2183.992169	   2183.966454	0.0	      0.000000	330	79651894	
476	 -0.000000	3835.280029	   2183.965308	   2183.965308	251492	   2183.978169	   2183.952453	0.0	      0.000000	330	79651894	
477	 -0.000000	3093.880371	   2183.951308	   2183.951308	256503	   2183.964168	   2183.938453	0.0	      0.000000	330	79651894	
478	 -0.000000	2497.163086	   2183.937310	   2183.937310	261513	   2183.950171	   2183.924455	0.0	      0.000000	330	79651894	
479	 -0.000000	2748.961914	   2183.916308	   2183.916308	269030	   2183.929168	   2183.903453	0.0	      0.000000	330	79651894	
480	 -0.000000	3593.386963	   2183.902310	   2183.902310	274040	   2183.915170	   2183.889455	0.0	      0.000000	330	79651894	
481	 -0.000000	3665.643555	   2183.888309	   2183.888309	279051	   2183.901170	   2183.875454	0.0	      0.000000	330	79651894	
482	 -0.000000	2647.502197	   2183.867310	   2183.867310	286567	   2183.880170	   2183.854455	0.0	      0.000000	330	79651894	
483	 -0.000000	3833.204346	   2183.853309	   2183.853309	291578	   2183.866170	   2183.840454	0.0	      0.000000	330	79651894	
484	 -0.000000	2509.853760	   2183.832310	   2183.832310	299094	   2183.845170	   2183.819455	0.0	      0.000000	330	79651894	
485	 -0.000000	3817.536621	   2183.818309	   2183.818309	304105	   2183.831170	   2183.805454	0.0	      0.000000	330	79651894	
486	 -0.000000	3457.823486	   2183.797310	   2183.797310	311621	   2183.810170	   2183.784455	0.0	      0.000000	330	79651894	
487	 -0.009566	2753.011475	   2183.776310	   2183.776310	319137	   2183.789171	   2183.763455	0.0	      0.000000	330	79651894	
488	 -0.000000	2991.098389	   2183.762310	   2183.762310	324148	   2183.775170	   2183.749455	0.0	      0.000000	330	79651894	
489	 -0.000000	2990.541748	   2183.734309	   2183.734309	334170	   2183.747169	   2183.721454	0.0	      0.000000	330	79651894	
490	 -0.000000	3533.924561	   2183.713309	   2183.713309	341686	   2183.726170	   2183.700454	0.0	      0.000000	330	79651894	
491	 -0.000000	3916.544922	   2183.692310	   2183.692310	349202	   2183.705170	   2183.679455	0.0	      0.000000	330	79651894	
492	 -0.000000	3772.637207	   2183.664308	   2183.664308	359224	   2183.677169	   2183.651453	0.0	      0.000000	330	79651894	
493	 -0.000000	4024.092285	   2183.643309	   2183.643309	366740	   2183.656170	   2183.630454	0.0	      0.000000	330	79651894	
494	 -0.000000	5086.523926	   2183.608309	   2183.608309	379267	   2183.621170	   2183.595454	0.0	      0.000000	330	79651894	
495	 -0.000000	6364.556641	   2183.573309	   2183.573309	391794	   2183.586170	   2183.560454	0.0	      0.000000	330	79651894	
496	 -0.000000	9718.591797	   2183.524308	   2183.524308	409332	   2183.537169	   2183.511453	0.0	      0.000000	330	79651894	
497	  0.076532	 15.342051	   2182.974780	   2182.974780	606016	   2182.987640	   2182.961925	0.0	      0.000000	330	79651894	
498	  0.076532	 16.193714	   2182.961846	   2182.961846	610645	   2182.974707	   2182.948991	0.0	      0.000000	330	79651894	
499	  0.076532	 23.900723	   2182.935097	   2182.935097	620219	   2182.947958	   2182.922242	0.0	      0.000000	330	79651894	
500	  0.095665	 22.833054	   2182.917165	   2182.917165	626637	   2182.930026	   2182.904310	0.0	      0.000000	330	79651894	
501	  0.076532	 31.904318	   2182.895414	   2182.895414	634422	   2182.908275	   2182.882559	0.0	      0.000000	330	79651894	
502	  0.095665	 17.394632	   2182.874250	   2182.874250	641997	   2182.887110	   2182.861395	0.0	      0.000000	330	79651894	
503	  0.095665	 20.436604	   2182.856025	   2182.856025	648520	   2182.868885	   2182.843170	0.0	      0.000000	330	79651894	
504	  0.095665	 21.962914	   2182.837506	   2182.837506	655148	   2182.850367	   2182.824651	0.0	      0.000000	330	79651894	
505	  0.076532	 12.740218	   2182.814286	   2182.814286	663459	   2182.827146	   2182.801431	0.0	      0.000000	330	79651894	
506	  0.086098	 18.003002	   2182.790772	   2182.790772	671875	   2182.803632	   2182.777917	0.0	      0.000000	330	79651894	
507	  0.105231	 17.705704	   2182.777542	   2182.777542	676610	   2182.790403	   2182.764687	0.0	      0.000000	330	79651894	
508	  0.076532	 12.353477	   2182.751382	   2182.751382	685973	   2182.764243	   2182.738527	0.0	      0.000000	330	79651894	
509	  0.076532	 15.910642	   2182.735510	   2182.735510	691654	   2182.748370	   2182.722655	0.0	      0.000000	330	79651894	
510	  0.076532	 20.537737	   2182.721107	   2182.721107	696809	   2182.733968	   2182.708252	0.0	      0.000000	330	79651894	
511	  0.095665	 18.718245	   2182.703469	   2182.703469	703122	   2182.716329	   2182.690614	0.0	      0.000000	330	79651894	
512	  0.086098	 15.713799	   2182.681718	   2182.681718	710907	   2182.694578	   2182.668862	0.0	      0.000000	330	79651894	
513	  0.076532	 20.274513	   2182.667315	   2182.667315	716062	   2182.680175	   2182.654460	0.0	      0.000000	330	79651894	
514	  0.076532	 21.152266	   2182.623223	   2182.623223	731843	   2182.636084	   2182.610368	0.0	      0.000000	330	79651894	
515	  0.076532	 18.342405	   2182.590302	   2182.590302	743626	   2182.603162	   2182.577447	0.0	      0.000000	330	79651894	
516	  0.095665	 14.468944	   2182.542388	   2182.542388	760775	   2182.555249	   2182.529533	0.0	      0.000000	330	79651894	
517	  0.095665	 17.242676	   2182.521517	   2182.521517	768245	   2182.534378	   2182.508662	0.0	      0.000000	330	79651894	
518	  0.076532	 17.330488	   2182.503881	   2182.503881	774557	   2182.516742	   2182.491026	0.0	      0.000000	330	79651894	
519	  0.076532	 24.571083	   2182.485070	   2182.485070	781290	   2182.497930	   2182.472215	0.0	      0.000000	330	79651894	
520	  0.057399	 12.775739	   2182.454208	   2182.454208	792336	   2182.467068	   2182.441352	0.0	      0.000000	330	79651894	
521	  0.057399	 15.535040	   2182.431280	   2182.431280	800542	   2182.444141	   2182.418425	0.0	      0.000000	330	79651894	
522	  0.095665	 19.139732	   2182.413346	   2182.413346	806961	   2182.426206	   2182.400491	0.0	      0.000000	330	79651894	
523	  0.076532	 19.882406	   2182.381307	   2182.381307	818428	   2182.394168	   2182.368452	0.0	      0.000000	330	79651894	
524	  0.076532	 22.437870	   2182.323989	   2182.323989	838943	   2182.336850	   2182.311134	0.0	      0.000000	330	79651894	
525	  0.076532	 16.046682	   2182.268434	   2182.268434	858827	   2182.281294	   2182.255579	0.0	      0.000000	330	79651894	
526	  0.095665	 11.284925	   2182.236686	   2182.236686	870190	   2182.249547	   2182.223831	0.0	      0.000000	330	79651894	
527	  0.076532	 12.504576	   2182.202002	   2182.202002	882604	   2182.214862	   2182.189147	0.0	      0.000000	330	79651894	
528	  0.114798	 50.349224	   2181.475218	   2181.475218	94154	   2181.488079	   2181.462363	0.0	      0.000000	331	3900670	
529	  0.105231	 58.069077	   2181.462285	   2181.462285	98783	   2181.475145	   2181.449430	0.0	      0.000000	331	3900670	
530	  0.114798	 82.622681	   2181.435535	   2181.435535	108357	   2181.448396	   2181.422680	0.0	      0.000000	331	3900670	
531	  0.105231	 84.419495	   2181.417606	   2181.417606	114774	   2181.430467	   2181.404751	0.0	      0.000000	331	3900670	
532	  0.114798	130.498962	   2181.395853	   2181.395853	122560	   2181.408713	   2181.382998	0.0	      0.000000	331	3900670	
533	  0.095665	 70.855698	   2181.374691	   2181.374691	130134	   2181.387552	   2181.361836	0.0	      0.000000	331	3900670	
534	  0.105231	100.358849	   2181.356466	   2181.356466	136657	   2181.369327	   2181.343611	0.0	      0.000000	331	3900670	
535	  0.105231	109.961952	   2181.337948	   2181.337948	143285	   2181.350808	   2181.325093	0.0	      0.000000	331	3900670	
536	  0.114798	115.338242	   2181.291210	   2181.291210	160013	   2181.304071	   2181.278355	0.0	      0.000000	331	3900670	
537	  0.105231	 98.383682	   2181.277983	   2181.277983	164747	   2181.290844	   2181.265128	0.0	      0.000000	331	3900670	
538	  0.133931	 68.274635	   2181.251821	   2181.251821	174111	   2181.264681	   2181.238966	0.0	      0.000000	331	3900670	
539	  0.114798	 96.837433	   2181.235948	   2181.235948	179792	   2181.248809	   2181.223093	0.0	      0.000000	331	3900670	
540	  0.114798	132.384842	   2181.221545	   2181.221545	184947	   2181.234406	   2181.208690	0.0	      0.000000	331	3900670	
541	  0.105231	117.683960	   2181.203910	   2181.203910	191259	   2181.216770	   2181.191055	0.0	      0.000000	331	3900670	
542	  0.133931	 86.371407	   2181.182156	   2181.182156	199045	   2181.195017	   2181.169301	0.0	      0.000000	331	3900670	
543	  0.133931	107.303505	   2181.167753	   2181.167753	204200	   2181.180614	   2181.154898	0.0	      0.000000	331	3900670	
544	  0.133931	103.231644	   2181.123661	   2181.123661	219981	   2181.136522	   2181.110806	0.0	      0.000000	331	3900670	
545	  0.133931	 93.263405	   2181.090740	   2181.090740	231764	   2181.103601	   2181.077885	0.0	      0.000000	331	3900670	
546	  0.105231	 62.611340	   2181.042829	   2181.042829	248912	   2181.055690	   2181.029974	0.0	      0.000000	331	3900670	
547	  0.133931	 83.658157	   2181.021958	   2181.021958	256382	   2181.034819	   2181.009103	0.0	      0.000000	331	3900670	
548	  0.095665	 70.143005	   2181.004323	   2181.004323	262694	   2181.017183	   2180.991468	0.0	      0.000000	331	3900670	
549	  0.095665	 76.516106	   2180.985511	   2180.985511	269427	   2180.998372	   2180.972656	0.0	      0.000000	331	3900670	
550	  0.095665	 42.015186	   2180.970225	   2180.970225	274898	   2180.983086	   2180.957370	0.0	      0.000000	331	3900670	
551	  0.095665	 42.001114	   2180.954646	   2180.954646	280474	   2180.967507	   2180.941791	0.0	      0.000000	331	3900670	
552	  0.095665	 43.956665	   2180.931719	   2180.931719	288680	   2180.944579	   2180.918864	0.0	      0.000000	331	3900670	
553	  0.133931	 53.402424	   2180.913787	   2180.913787	295098	   2180.926648	   2180.900932	0.0	      0.000000	331	3900670	
554	  0.162630	 35.896534	   2180.897914	   2180.897914	300779	   2180.910775	   2180.885059	0.0	      0.000000	331	3900670	
555	  0.095665	 38.812347	   2180.881749	   2180.881749	306565	   2180.894609	   2180.868893	0.0	      0.000000	331	3900670	
556	  0.114798	 28.004715	   2180.840596	   2180.840596	321294	   2180.853457	   2180.827741	0.0	      0.000000	331	3900670	
557	  0.133931	 38.714611	   2180.827073	   2180.827073	326134	   2180.839934	   2180.814218	0.0	      0.000000	331	3900670	
558	  0.114798	 32.660736	   2180.768875	   2180.768875	346964	   2180.781736	   2180.756020	0.0	      0.000000	331	3900670	
559	  0.133931	 27.005684	   2180.755352	   2180.755352	351804	   2180.768213	   2180.742497	0.0	      0.000000	331	3900670	
560	  0.133931	 37.245834	   2180.737127	   2180.737127	358327	   2180.749988	   2180.724272	0.0	      0.000000	331	3900670	
561	  0.153064	 33.782692	   2180.721255	   2180.721255	364008	   2180.734115	   2180.708400	0.0	      0.000000	331	3900670	
562	  0.133931	 45.278904	   2180.702443	   2180.702443	370741	   2180.715303	   2180.689588	0.0	      0.000000	331	3900670	
563	  0.114798	 25.984182	   2180.679222	   2180.679222	379052	   2180.692083	   2180.666367	0.0	      0.000000	331	3900670	
564	  0.133931	 25.857904	   2180.664523	   2180.664523	384313	   2180.677384	   2180.651668	0.0	      0.000000	331	3900670	
565	  0.114798	 22.016668	   2180.639246	   2180.639246	393360	   2180.652107	   2180.626391	0.0	      0.000000	331	3900670	
566	  0.114798	 31.327974	   2180.621021	   2180.621021	399883	   2180.633882	   2180.608166	0.0	      0.000000	331	3900670	
567	  0.133931	 32.444088	   2180.593389	   2180.593389	409773	   2180.606249	   2180.580534	0.0	      0.000000	331	3900670	
568	  0.133931	 21.359129	   2180.566053	   2180.566053	419557	   2180.578913	   2180.553197	0.0	      0.000000	331	3900670	
569	  0.133931	 35.592133	   2180.549004	   2180.549004	425659	   2180.561864	   2180.536149	0.0	      0.000000	331	3900670	
570	  0.133931	 33.069561	   2180.516669	   2180.516669	437232	   2180.529530	   2180.503814	0.0	      0.000000	331	3900670	
571	  0.133931	 25.239956	   2180.493448	   2180.493448	445543	   2180.506309	   2180.480593	0.0	      0.000000	331	3900670	
572	 -0.000000	 15.521886	   2180.093771	   2180.093771	588593	   2180.106632	   2180.080916	0.0	      0.000000	331	3900670	
573	 -0.000000	 66.854523	   2180.032539	   2180.032539	610509	   2180.045399	   2180.019684	0.0	      0.000000	331	3900670	
574	 -0.000000	3302.806885	   2179.971309	   2179.971309	632424	   2179.984170	   2179.958454	0.0	      0.000000	331	3900670	
575	 -0.000000	121.367767	   2179.910076	   2179.910076	654340	   2179.922937	   2179.897221	0.0	      0.000000	331	3900670	
576	 -0.000000	 19.680819	   2179.848844	   2179.848844	676256	   2179.861704	   2179.835989	0.0	      0.000000	331	3900670	
577	  0.076532	131.120438	   2156.385815	   2156.385815	685393	   2156.398676	   2156.372960	0.0	      0.000000	339	31352	
578	  0.057399	2670.582764	   2125.133850	   2125.133850	336571	   2125.146711	   2125.120995	0.0	      0.000000	350	1009477	
579	  0.076532	 87.223770	   2109.507862	   2109.507862	686450	   2109.520723	   2109.495007	0.0	      0.000000	355	2383	
580	 -0.000000	 24.308525	   2100.000001	   2100.000001	943718	   2100.012862	   2099.987146	0.0	      0.000000	358	10	
581	  0.057399	 10.322415	   2093.881882	   2093.881882	1036326	   2093.894743	   2093.869027	0.0	      0.000000	360	2	
582	  0.028699	 19.040653	   2078.255903	   2078.255903	337626	   2078.268763	   2078.243048	0.0	      0.000000	366	81	
583	  0.038266	 23.226870	   2031.377947	   2031.377947	338684	   2031.390807	   2031.365092	0.0	      0.000000	382	122	
584	  0.057399	 29.239645	   2015.751961	   2015.751961	688562	   2015.764822	   2015.739106	0.0	      0.000000	387	209	
585	 -0.000000	 13.708989	   2002.929686	   2002.929686	34953	   2002.942547	   2002.916831	0.0	      0.000000	392	367	
586	  0.038266	 51.390987	   2000.125979	   2000.125979	1038439	   2000.138839	   2000.113124	0.0	      0.000000	392	367	
587	 -0.000000	 97.979485	   1999.999999	   1999.999999	34953	   2000.012859	   1999.987144	0.0	      0.000000	393	335	
588	 -0.066965	 18.746443	   1998.608343	   1998.608343	533046	   1998.621204	   1998.595488	0.0	      0.000000	393	335	
589	  0.038266	 28.738020	   1997.196291	   1997.196291	1038439	   1997.209152	   1997.183436	0.0	      0.000000	393	335	
590	 -0.019133	 18.567839	   1928.979192	   1928.979192	288466	   1928.992052	   1928.966337	0.0	      0.000000	417	40590165	
591	  0.019133	 15.907187	   1928.923756	   1928.923756	308307	   1928.936617	   1928.910901	0.0	      0.000000	417	40590165	
592	 -0.019133	 26.004450	   1928.867399	   1928.867399	328478	   1928.880260	   1928.854544	0.0	      0.000000	417	40590165	
593	  0.009566	 11.457371	   1928.810598	   1928.810598	348808	   1928.823459	   1928.797743	0.0	      0.000000	417	40590165	
594	  0.009566	 15.653636	   1928.736999	   1928.736999	375150	   1928.749860	   1928.724144	0.0	      0.000000	417	40590165	
595	  0.095665	 20.780991	   1928.681399	   1928.681399	395050	   1928.694260	   1928.668544	0.0	      0.000000	417	40590165	
596	  0.038266	 16.488815	   1928.663166	   1928.663166	401576	   1928.676027	   1928.650311	0.0	      0.000000	417	40590165	
597	 -0.172197	 18.742634	   1928.625422	   1928.625422	415085	   1928.638283	   1928.612567	0.0	      0.000000	417	40590165	
598	  0.009566	 19.674963	   1928.607175	   1928.607175	421616	   1928.620035	   1928.594320	0.0	      0.000000	417	40590165	
599	  0.076532	 17.658592	   1928.588190	   1928.588190	428411	   1928.601050	   1928.575335	0.0	      0.000000	417	40590165	
600	 -0.162630	 11.374137	   1928.551723	   1928.551723	441463	   1928.564584	   1928.538868	0.0	      0.000000	417	40590165	
601	  0.057399	 15.259855	   1928.533207	   1928.533207	448090	   1928.546068	   1928.520352	0.0	      0.000000	417	40590165	
602	  0.009566	 25.405088	   1928.477213	   1928.477213	468131	   1928.490074	   1928.464358	0.0	      0.000000	417	40590165	
603	-11.106694	 35.771847	   1928.447223	   1928.447223	478865	   1928.460084	   1928.434368	0.0	      0.000000	417	40590165	
604	 -0.000000	 21.672010	   1928.422211	   1928.422211	487817	   1928.435072	   1928.409356	0.0	      0.000000	417	40590165	
605	 -0.143497	 27.431684	   1928.403022	   1928.403022	494685	   1928.415883	   1928.390167	0.0	      0.000000	417	40590165	
606	 16.282166	 12.101407	   1928.381922	   1928.381922	502237	   1928.394783	   1928.369067	0.0	      0.000000	417	40590165	
607	  0.038266	 11.148264	   1928.328784	   1928.328784	521256	   1928.341644	   1928.315929	0.0	      0.000000	417	40590165	
608	 -0.143497	 12.126243	   1928.291423	   1928.291423	534628	   1928.304284	   1928.278568	0.0	      0.000000	417	40590165	
609	  0.019133	 21.856277	   1928.272972	   1928.272972	541232	   1928.285832	   1928.260116	0.0	      0.000000	417	40590165	
610	  0.019133	 15.050658	   1928.254618	   1928.254618	547801	   1928.267479	   1928.241763	0.0	      0.000000	417	40590165	
611	  0.019133	 14.271564	   1928.217587	   1928.217587	561055	   1928.230447	   1928.204732	0.0	      0.000000	417	40590165	
612	 -0.009566	 17.224344	   1928.198739	   1928.198739	567801	   1928.211599	   1928.185884	0.0	      0.000000	417	40590165	
613	 -5.625096	 13.412515	   1928.180324	   1928.180324	574392	   1928.193184	   1928.167468	0.0	      0.000000	417	40590165	
614	  0.028699	 15.443245	   1928.143521	   1928.143521	587564	   1928.156382	   1928.130666	0.0	      0.000000	417	40590165	
615	 -0.143497	 10.245425	   1928.116023	   1928.116023	597406	   1928.128884	   1928.103168	0.0	      0.000000	417	40590165	
616	  0.095665	 19.488298	   1928.012954	   1928.012954	634296	   1928.025814	   1928.000099	0.0	      0.000000	417	40590165	
617	 -0.019133	 22.145821	   1927.956946	   1927.956946	654342	   1927.969806	   1927.944091	0.0	      0.000000	417	40590165	
618	  0.047832	 12.739123	   1927.938187	   1927.938187	661056	   1927.951048	   1927.925332	0.0	      0.000000	417	40590165	
619	 -0.038266	 18.526516	   1927.920211	   1927.920211	667490	   1927.933071	   1927.907356	0.0	      0.000000	417	40590165	
620	  0.028699	 15.507027	   1927.901527	   1927.901527	674177	   1927.914388	   1927.888672	0.0	      0.000000	417	40590165	
621	 16.530895	 43.658943	   1926.719478	   1926.719478	48673	   1926.732339	   1926.706623	0.0	      0.000000	418	44737587	
622	 16.530895	 26.357658	   1926.665278	   1926.665278	68072	   1926.678138	   1926.652423	0.0	      0.000000	418	44737587	
623	 -5.376367	 12.092473	   1926.644577	   1926.644577	75481	   1926.657438	   1926.631722	0.0	      0.000000	418	44737587	
624	 -5.376367	 14.093533	   1926.621577	   1926.621577	83713	   1926.634438	   1926.608722	0.0	      0.000000	418	44737587	
625	 16.530895	 17.015135	   1926.525378	   1926.525378	118144	   1926.538239	   1926.512523	0.0	      0.000000	418	44737587	
626	 16.530895	 10.261458	   1926.476478	   1926.476478	135646	   1926.489339	   1926.463623	0.0	      0.000000	418	44737587	
627	 -5.376367	 14.166296	   1926.453878	   1926.453878	143735	   1926.466738	   1926.441023	0.0	      0.000000	418	44737587	
628	 -5.376367	 56.795185	   1926.388778	   1926.388778	167035	   1926.401639	   1926.375923	0.0	      0.000000	418	44737587	
629	 16.530895	 27.925106	   1926.348079	   1926.348079	181602	   1926.360939	   1926.335224	0.0	      0.000000	418	44737587	
630	 16.530895	 12.195807	   1926.324579	   1926.324579	190013	   1926.337439	   1926.311724	0.0	      0.000000	418	44737587	
631	 -0.000000	 10.118248	   1925.575066	   1925.575066	458274	   1925.587927	   1925.562211	0.0	      0.000000	418	44737587	
632	 -0.000000	 17.886465	   1925.182866	   1925.182866	598648	   1925.195726	   1925.170011	0.0	      0.000000	418	44737587	
633	 11.020597	 10.482686	   1925.127984	   1925.127984	618291	   1925.140844	   1925.115129	0.0	      0.000000	418	44737587	
634	 -0.000000	 29.706198	   1925.058766	   1925.058766	643065	   1925.071627	   1925.045911	0.0	      0.000000	418	44737587	
635	 -0.000000	 75.395676	   1925.000266	   1925.000266	664003	   1925.013126	   1924.987411	0.0	      0.000000	418	44737587	
636	 11.020597	 17.095200	   1924.941584	   1924.941584	685006	   1924.954445	   1924.928729	0.0	      0.000000	418	44737587	
637	 -0.000000	 13.696024	   1924.920166	   1924.920166	692672	   1924.933026	   1924.907310	0.0	      0.000000	418	44737587	
638	 -0.000000	 11.728832	   1924.884867	   1924.884867	705306	   1924.897727	   1924.872012	0.0	      0.000000	418	44737587	
639	 -0.000000	 29.017580	   1924.710766	   1924.710766	767619	   1924.723627	   1924.697911	0.0	      0.000000	418	44737587	
640	 -0.000000	 20.545441	   1924.679566	   1924.679566	778786	   1924.692426	   1924.666711	0.0	      0.000000	418	44737587	
641	 -0.000000	 23.281879	   1924.661866	   1924.661866	785121	   1924.674727	   1924.649011	0.0	      0.000000	418	44737587	
642	 -0.000000	 21.397600	   1924.640766	   1924.640766	792673	   1924.653627	   1924.627911	0.0	      0.000000	418	44737587	
643	 -0.000000	 10.214569	   1924.424066	   1924.424066	870233	   1924.436926	   1924.411211	0.0	      0.000000	418	44737587	
644	 -0.000000	 61.141457	   1923.267478	   1923.267478	235616	   1923.280338	   1923.254623	0.0	      0.000000	419	51614662	
645	 -0.000000	 14.130879	   1923.213378	   1923.213378	254979	   1923.226239	   1923.200523	0.0	      0.000000	419	51614662	
646	 -0.000000	 27.212160	   1922.933878	   1922.933878	355016	   1922.946739	   1922.921023	0.0	      0.000000	419	51614662	
647	  5.338101	 16.671299	   1921.707636	   1921.707636	793905	   1921.720497	   1921.694781	0.0	      0.000000	419	51614662	
648	-22.050758	 10.012736	   1921.632638	   1921.632638	820748	   1921.645498	   1921.619783	0.0	      0.000000	419	51614662	
649	  5.338101	 24.712395	   1921.589236	   1921.589236	836282	   1921.602097	   1921.576381	0.0	      0.000000	419	51614662	
650	  5.338101	 78.374817	   1921.532737	   1921.532737	856504	   1921.545597	   1921.519882	0.0	      0.000000	419	51614662	
651	  5.338101	 31.212282	   1921.482836	   1921.482836	874364	   1921.495697	   1921.469981	0.0	      0.000000	419	51614662	
652	  5.338101	 38.787449	   1921.456537	   1921.456537	883777	   1921.469397	   1921.443682	0.0	      0.000000	419	51614662	
653	  5.338101	 12.451791	   1921.422037	   1921.422037	896125	   1921.434898	   1921.409182	0.0	      0.000000	419	51614662	
654	  5.338101	 13.109544	   1921.276837	   1921.276837	948094	   1921.289698	   1921.263982	0.0	      0.000000	419	51614662	
655	  5.338101	 37.201229	   1921.216437	   1921.216437	969712	   1921.229298	   1921.203582	0.0	      0.000000	419	51614662	
656	  5.338101	 34.125576	   1921.199238	   1921.199238	975868	   1921.212098	   1921.186383	0.0	      0.000000	419	51614662	
657	  5.338101	 22.842184	   1921.180538	   1921.180538	982561	   1921.193398	   1921.167682	0.0	      0.000000	419	51614662	
658	 -0.000000	 57.007809	   1899.999999	   1899.999999	174763	   1900.012860	   1899.987144	0.0	      0.000000	427	60	
659	  0.009566	 26.154293	   1891.106562	   1891.106562	212120	   1891.119423	   1891.093707	0.0	      0.000000	430	19	
660	 -0.000000	105.407135	   1875.121153	   1875.121153	690641	   1875.134013	   1875.108298	0.0	      0.000000	435	989	
661	 -0.000000	 24.208509	   1874.947111	   1874.947111	752933	   1874.959971	   1874.934256	0.0	      0.000000	435	989	
662	 -0.000000	149.415726	   1860.499691	   1860.499691	680986	   1860.512551	   1860.486836	0.0	      0.000000	440	33252	
663	 -0.000000	 14.808263	   1849.999999	   1849.999999	244668	   1850.012860	   1849.987144	0.0	      0.000000	444	2	
664	 -0.507024	 19.300734	   1837.534204	   1837.534204	512046	   1837.547064	   1837.521349	0.0	      0.000000	448	15647	
665	-29.895281	 10.239539	   1837.501640	   1837.501640	523701	   1837.514501	   1837.488785	0.0	      0.000000	448	15647	
666	 -0.000000	207.919891	   1830.937501	   1830.937501	775946	   1830.950361	   1830.924646	0.0	      0.000000	450	105204	
667	  7.787123	 11.440210	   1828.710510	   1828.710510	524441	   1828.723371	   1828.697655	0.0	      0.000000	451	19578	
668	  3.673532	 13.387118	   1825.781046	   1825.781046	524361	   1825.793907	   1825.768191	0.0	      0.000000	452	19810	
669	  0.019133	 39.659382	   1824.751944	   1824.751944	892691	   1824.764805	   1824.739089	0.0	      0.000000	452	19810	
670	 -2.477721	 15.011792	   1822.851697	   1822.851697	524240	   1822.864557	   1822.838842	0.0	      0.000000	453	31539	
671	  7.605360	 16.198490	   1819.921459	   1819.921459	524437	   1819.934319	   1819.908604	0.0	      0.000000	454	32950	
672	-16.875288	 17.362787	   1816.993110	   1816.993110	523958	   1817.005970	   1816.980254	0.0	      0.000000	455	32950	
673	  5.290269	 19.709055	   1814.062212	   1814.062212	524391	   1814.075073	   1814.049357	0.0	      0.000000	456	32950	
674	 11.728517	 21.614805	   1811.132167	   1811.132167	524519	   1811.145028	   1811.119312	0.0	      0.000000	457	33248	
675	-16.942253	 25.568111	   1808.204050	   1808.204050	523957	   1808.216910	   1808.191195	0.0	      0.000000	458	43850	
676	 -0.000000	 12.015841	   1807.499347	   1807.499347	776180	   1807.512208	   1807.486492	0.0	      0.000000	458	43850	
677	 15.822974	 27.306379	   1805.272574	   1805.272574	524597	   1805.285435	   1805.259719	0.0	      0.000000	459	46129	
678	-13.727913	 27.771212	   1802.344504	   1802.344504	524018	   1802.357365	   1802.331649	0.0	      0.000000	460	46130	
679	 -0.000000	839.826660	   1799.999999	   1799.999999	314573	   1800.012860	   1799.987144	0.0	      0.000000	461	151351	
680	-23.064806	 30.110712	   1799.415323	   1799.415323	523837	   1799.428183	   1799.402468	0.0	      0.000000	461	151351	
681	 24.662411	 32.931473	   1796.483023	   1796.483023	524772	   1796.495883	   1796.470168	0.0	      0.000000	462	46130	
682	-27.962849	 37.161865	   1793.556221	   1793.556221	523739	   1793.569082	   1793.543366	0.0	      0.000000	463	46130	
683	-19.553905	 30.276356	   1790.626070	   1790.626070	523905	   1790.638931	   1790.613215	0.0	      0.000000	464	46132	
684	 -0.000000	 14.535711	   1790.000001	   1790.000001	747984	   1790.012861	   1789.987146	0.0	      0.000000	464	46132	
685	  8.121950	 44.239811	   1787.694865	   1787.694865	524448	   1787.707726	   1787.682010	0.0	      0.000000	465	46130	
686	 -4.027492	 46.270123	   1784.765843	   1784.765843	524210	   1784.778704	   1784.752988	0.0	      0.000000	466	46130	
687	-13.077392	 48.831264	   1781.836650	   1781.836650	524033	   1781.849511	   1781.823795	0.0	      0.000000	467	46130	
688	 -0.000000	 26.153133	   1779.999999	   1779.999999	132820	   1780.012860	   1779.987144	0.0	      0.000000	468	47870	
689	 20.969746	 53.503185	   1778.905104	   1778.905104	524698	   1778.917965	   1778.892249	0.0	      0.000000	468	47870	
690	 28.842966	 57.051582	   1775.974987	   1775.974987	524852	   1775.987847	   1775.962132	0.0	      0.000000	469	126739	
691	  0.191330	 10.165498	   1775.027298	   1775.027298	864043	   1775.040159	   1775.014443	0.0	      0.000000	469	126739	
692	  0.765319	 15.986753	   1774.983058	   1774.983058	879877	   1774.995919	   1774.970203	0.0	      0.000000	469	126739	
693	 -0.028699	 35.127361	   1774.968122	   1774.968122	885223	   1774.980982	   1774.955267	0.0	      0.000000	469	126739	
694	  0.440059	 24.111990	   1774.949749	   1774.949749	891799	   1774.962609	   1774.936894	0.0	      0.000000	469	126739	
695	 20.147028	 61.676937	   1773.045774	   1773.045774	524682	   1773.058635	   1773.032919	0.0	      0.000000	470	59299	
696	 17.401445	 64.582367	   1770.116232	   1770.116232	524630	   1770.129093	   1770.103377	0.0	      0.000000	471	59438	
697	 -0.000000	118.773674	   1770.000000	   1770.000000	566231	   1770.012861	   1769.987145	0.0	      0.000000	471	59438	
698	 22.261221	 68.036354	   1767.186285	   1767.186285	524723	   1767.199145	   1767.173430	0.0	      0.000000	472	59310	
699	-21.620266	 69.923866	   1764.258994	   1764.258994	523865	   1764.271855	   1764.246139	0.0	      0.000000	473	59310	
700	 15.851673	 71.475029	   1761.327253	   1761.327253	524600	   1761.340114	   1761.314398	0.0	      0.000000	474	59812	
701	 -0.000000	118.210625	   1760.000001	   1760.000001	999642	   1760.012862	   1759.987146	0.0	      0.000000	474	59812	
702	-19.553905	 72.624474	   1758.399508	   1758.399508	523905	   1758.412368	   1758.386653	0.0	      0.000000	475	59310	
703	 23.495298	 77.556297	   1755.467459	   1755.467459	524750	   1755.480320	   1755.454604	0.0	      0.000000	476	59310	
704	 12.589500	 81.152954	   1752.538375	   1752.538375	524534	   1752.551236	   1752.525520	0.0	      0.000000	477	59310	
705	 -0.000000	299.684784	   1750.000000	   1750.000000	384478	   1750.012860	   1749.987145	0.0	      0.000000	478	855855	
706	  0.019133	249.962814	   1749.985544	   1749.985544	389652	   1749.998404	   1749.972689	0.0	      0.000000	478	855855	
707	-25.695591	 81.246498	   1749.610783	   1749.610783	523784	   1749.623644	   1749.597928	0.0	      0.000000	478	855855	
708	 16.157801	 83.610718	   1746.678799	   1746.678799	524606	   1746.691660	   1746.665944	0.0	      0.000000	479	59310	
709	-11.958112	132.858063	   1743.750651	   1743.750651	524055	   1743.763512	   1743.737796	0.0	      0.000000	480	59310	
710	 -8.150649	 90.701576	   1740.820757	   1740.820757	524129	   1740.833617	   1740.807902	0.0	      0.000000	481	59511	
711	 -0.000000	119.003799	   1740.000001	   1740.000001	817889	   1740.012861	   1739.987146	0.0	      0.000000	481	59511	
712	-18.492025	 91.883263	   1737.891636	   1737.891636	523926	   1737.904497	   1737.878781	0.0	      0.000000	482	59310	
713	 26.049551	 98.052605	   1734.959515	   1734.959515	524797	   1734.972376	   1734.946660	0.0	      0.000000	483	59763	
714	 -0.009566	 39.453735	   1733.987206	   1733.987206	872800	   1734.000067	   1733.974351	0.0	      0.000000	483	59763	
715	 20.252258	101.377396	   1732.030144	   1732.030144	524684	   1732.043004	   1732.017289	0.0	      0.000000	484	59310	
716	 -0.000000	 49.090065	   1729.999999	   1729.999999	202725	   1730.012860	   1729.987144	0.0	      0.000000	485	59342	
717	 -2.869947	104.011497	   1729.101725	   1729.101725	524230	   1729.114585	   1729.088870	0.0	      0.000000	485	59342	
718	 12.474703	107.613113	   1726.171188	   1726.171188	524534	   1726.184048	   1726.158333	0.0	      0.000000	486	59310	
719	 17.535376	112.595795	   1723.241229	   1723.241229	524631	   1723.254090	   1723.228374	0.0	      0.000000	487	59310	
720	-16.808323	115.683578	   1720.313419	   1720.313419	523959	   1720.326280	   1720.300564	0.0	      0.000000	488	59323	
721	 -0.000000	 36.841179	   1720.000000	   1720.000000	636136	   1720.012861	   1719.987145	0.0	      0.000000	488	59323	
722	  1.903731	118.812523	   1717.382706	   1717.382706	524326	   1717.395567	   1717.369851	0.0	      0.000000	489	59310	
723	 18.032833	116.883415	   1714.452133	   1714.452133	524643	   1714.464994	   1714.439278	0.0	      0.000000	490	59310	
724	 -0.133931	 87.162056	   1712.517942	   1712.517942	168341	   1712.530803	   1712.505087	0.0	      0.000000	491	223808	
725	  0.009566	 40.756786	   1712.482537	   1712.482537	181013	   1712.495397	   1712.469682	0.0	      0.000000	491	223808	
726	-27.159264	120.946404	   1711.524924	   1711.524924	523756	   1711.537785	   1711.512069	0.0	      0.000000	491	223808	
727	 16.722223	124.343895	   1708.592836	   1708.592836	524615	   1708.605697	   1708.579981	0.0	      0.000000	492	59310	
728	 21.170641	126.149902	   1705.662906	   1705.662906	524702	   1705.675766	   1705.650051	0.0	      0.000000	493	59310	
729	 22.366453	129.726746	   1702.733154	   1702.733154	524725	   1702.746015	   1702.720299	0.0	      0.000000	494	59310	
730	 -0.000000	158.271347	   1700.000000	   1700.000000	454383	   1700.012860	   1699.987145	0.0	      0.000000	495	117528	
731	 -8.523743	132.150238	   1699.805157	   1699.805157	524120	   1699.818018	   1699.792302	0.0	      0.000000	495	117528	
732	 17.516243	136.352783	   1696.874044	   1696.874044	524630	   1696.886905	   1696.861189	0.0	      0.000000	496	59310	
733	  9.470825	134.726318	   1693.944790	   1693.944790	524475	   1693.957651	   1693.931935	0.0	      0.000000	497	59310	
734	  0.095665	304.545258	   1691.004566	   1691.004566	528246	   1691.017427	   1690.991711	0.0	      0.000000	498	1540670	
735	  0.315694	 23.213621	   1690.981991	   1690.981991	536326	   1690.994852	   1690.969136	0.0	      0.000000	498	1540670	
736	  6.199085	131.331619	   1688.085599	   1688.085599	524409	   1688.098460	   1688.072744	0.0	      0.000000	499	59310	
737	  0.086098	 10.224739	   1686.042966	   1686.042966	206920	   1686.055827	   1686.030111	0.0	      0.000000	500	59311	
738	-15.564679	127.850937	   1685.157105	   1685.157105	523982	   1685.169966	   1685.144250	0.0	      0.000000	500	59311	
739	 -0.009566	 10.143012	   1683.346586	   1683.346586	123416	   1683.359447	   1683.333731	0.0	      0.000000	501	63267	
740	  0.019133	 69.466949	   1683.319479	   1683.319479	133118	   1683.332339	   1683.306624	0.0	      0.000000	501	63267	
741	-12.350338	135.406433	   1682.227236	   1682.227236	524047	   1682.240096	   1682.214381	0.0	      0.000000	501	63267	
742	  0.057399	 11.259858	   1681.251786	   1681.251786	873174	   1681.264647	   1681.238931	0.0	      0.000000	501	63267	
743	  5.510298	135.655548	   1679.296570	   1679.296570	524397	   1679.309431	   1679.283715	0.0	      0.000000	502	59310	
744	 -5.586830	137.100082	   1676.367492	   1676.367492	524179	   1676.380353	   1676.354637	0.0	      0.000000	503	59310	
745	-19.840900	135.306259	   1673.438584	   1673.438584	523900	   1673.451445	   1673.425729	0.0	      0.000000	504	59310	
746	 15.622078	135.121216	   1670.506958	   1670.506958	524594	   1670.519818	   1670.494103	0.0	      0.000000	505	59310	
747	-15.880373	135.404892	   1667.578994	   1667.578994	523977	   1667.591855	   1667.566139	0.0	      0.000000	506	59310	
748	 -0.401793	 18.215672	   1665.988634	   1665.988634	44613	   1666.001495	   1665.975779	0.0	      0.000000	507	60396	
749	-11.298024	133.459747	   1664.649055	   1664.649055	524067	   1664.661916	   1664.636200	0.0	      0.000000	507	60396	
750	  0.019133	 29.730652	   1662.013248	   1662.013248	418883	   1662.026109	   1662.000393	0.0	      0.000000	508	60733	
751	 -0.066965	 35.294552	   1661.962680	   1661.962680	436982	   1661.975541	   1661.949825	0.0	      0.000000	508	60733	
752	 15.746442	133.145065	   1661.717887	   1661.717887	524597	   1661.730747	   1661.705032	0.0	      0.000000	508	60733	
753	 -3.597000	137.173141	   1658.789264	   1658.789264	524216	   1658.802124	   1658.776409	0.0	      0.000000	509	59310	
754	-24.652843	134.534515	   1655.860727	   1655.860727	523804	   1655.873588	   1655.847872	0.0	      0.000000	510	59310	
755	  4.237955	130.625275	   1652.929453	   1652.929453	524372	   1652.942313	   1652.916598	0.0	      0.000000	511	59310	
